0.0401054 0.626922 -0.000144073 5.84229e-07 -0.000144089 0.138178 0.00360178 0.138275
0.0567176 0.886601 -0.000324219 1.42469e-06 -0.000324847 0.266359 0.00345612 0.267885
0.0694646 1.08586 -0.000558146 2.56342e-06 -0.000558569 0.400497 0.00315488 0.401018
0.0802108 1.25384 -0.000841154 4.21183e-06 -0.000841531 0.516073 0.00304499 0.516345
0.0896784 1.40184 -0.0012005 6.52499e-06 -0.00120241 0.632238 0.00288829 0.633084
0.0982377 1.53564 -0.00164174 9.48938e-06 -0.00164787 0.74311 0.00268373 0.74485
0.113435 1.7732 -0.0027145 1.65723e-05 -0.00273243 0.942594 0.00227284 0.945069
0.120316 1.88076 -0.00326232 1.98746e-05 -0.00328242 1.03162 0.00212494 1.03379
0.126824 1.98249 -0.00368869 2.35815e-05 -0.00370342 1.11072 0.00220069 1.1121
0.133015 2.07927 -0.00389134 2.40324e-05 -0.00389322 1.17775 0.00223239 1.17792
0.138929 2.17172 -0.00381885 2.30732e-05 -0.00380654 1.22886 0.00244581 1.22756
0.144602 2.2604 -0.00363463 2.1547e-05 -0.00361335 1.27517 0.00274603 1.27248
0.150061 2.34573 -0.0032764 1.824e-05 -0.00325513 1.29907 0.00308471 1.2955
0.160422 2.50769 -0.00267561 1.4264e-05 -0.00266248 1.34229 0.00412085 1.33851
0.165359 2.58487 -0.00239223 1.3669e-05 -0.00238334 1.34776 0.00523613 1.34437
0.170153 2.65981 -0.00213734 1.12686e-05 -0.00213151 1.34208 0.00571432 1.33913
0.174815 2.73268 -0.00191964 9.93127e-06 -0.0019156 1.3291 0.00658177 1.32643
0.179357 2.80368 -0.0017513 8.99673e-06 -0.00174801 1.32367 0.00753744 1.32091
0.183786 2.87292 -0.00160106 8.00344e-06 -0.00159791 1.30952 0.00842533 1.30621
0.188111 2.94052 -0.00148486 7.21172e-06 -0.00148146 1.3085 0.00925289 1.30414
0.196475 3.07127 -0.00128649 6.18946e-06 -0.00128261 1.29077 0.0115576 1.28355
0.200527 3.13461 -0.00120154 5.32441e-06 -0.00119762 1.27242 0.0118787 1.26371
0.204498 3.19668 -0.00114149 5.32688e-06 -0.00113752 1.29043 0.0137001 1.28027
0.208394 3.25758 -0.00107904 5.09015e-06 -0.00107517 1.28647 0.0152173 1.27495
0.215974 3.37607 -0.000982746 4.17636e-06 -0.000979249 1.31766 0.0161661 1.30417
0.219666 3.43379 -0.000945802 4.03286e-06 -0.000942576 1.35663 0.01743 1.34274
0.22687 3.5464 -0.000869382 3.87126e-06 -0.000866943 1.38646 0.0210967 1.37321
0.230388 3.60139 -0.000840649 3.701e-06 -0.000838603 1.43223 0.0222288 1.41997
0.233853 3.65556 -0.000806515 3.52172e-06 -0.000804877 1.43208 0.0236577 1.4211
0.237267 3.70892 -0.000772835 3.43551e-06 -0.00077155 1.41457 0.025854 1.40491
0.240632 3.76152 -0.000754965 3.24728e-06 -0.000753885 1.503 0.0263273 1.49426
0.243952 3.81342 -0.000725152 3.08514e-06 -0.000724199 1.48274 0.0278585 1.47415
0.247226 3.8646 -0.000706538 3.03585e-06 -0.000705605 1.54845 0.0296576 1.53934
0.253649 3.965 -0.000663923 2.90536e-06 -0.000662927 1.59417 0.0338474 1.58259
0.2568 4.01426 -0.000648856 2.72527e-06 -0.000647803 1.67198 0.0340803 1.65884
0.259913 4.06292 -0.000631897 2.55366e-06 -0.000630804 1.71813 0.0345001 1.70339
0.262989 4.11101 -0.000614222 2.48976e-06 -0.000613112 1.74226 0.0364538 1.72605
0.266029 4.15853 -0.000595669 2.47861e-06 -0.000594577 1.73724 0.0394857 1.71986
0.269035 4.20552 -0.000578953 2.60252e-06 -0.000577901 1.74373 0.0448843 1.72562
0.272008 4.25199 -0.000568436 2.38026e-06 -0.000567427 1.8466 0.0435269 1.82819
0.277858 4.34344 -0.000538569 2.2139e-06 -0.00053774 1.85573 0.047038 1.83814
0.280738 4.38846 -0.000523153 2.27237e-06 -0.00052243 1.82174 0.0522174 1.80516
0.283588 4.43301 -0.000510946 2.16087e-06 -0.000510319 1.84313 0.053102 1.82774
0.28641 4.47712 -0.00050454 2.12016e-06 -0.000503983 2.00026 0.0544883 1.98596
0.289204 4.52079 -0.000486831 2.11288e-06 -0.000486346 1.84803 0.0594542 1.83438
0.291972 4.56406 -0.000478732 1.97065e-06 -0.000478275 1.94231 0.0584422 1.92879
0.294713 4.60691 -0.000466366 2.01901e-06 -0.000465931 1.89658 0.0642812 1.88275
0.300121 4.69145 -0.00044911 1.80928e-06 -0.000448676 2.00078 0.0644203 1.98534
0.302789 4.73315 -0.000439276 1.8466e-06 -0.000438838 1.99123 0.0699576 1.97467
0.305434 4.7745 -0.000430474 1.74709e-06 -0.000430032 2.00506 0.0701356 1.98733
0.308055 4.81547 -0.000425355 1.73272e-06 -0.000424904 2.15873 0.0724759 2.13988
0.313233 4.89641 -0.00040683 1.70207e-06 -0.000406393 2.08033 0.0804656 2.05969
0.31579 4.93638 -0.000398849 1.52433e-06 -0.000398425 2.07239 0.0762031 2.05121
0.320843 5.01537 -0.000387336 1.5831e-06 -0.000386943 2.24881 0.0866143 2.22733
0.32334 5.0544 -0.000377929 1.528e-06 -0.000377565 2.11548 0.0891762 2.09424
0.325818 5.09314 -0.000371436 1.57347e-06 -0.000371098 2.12944 0.0965209 2.10874
0.328277 5.13158 -0.000367806 1.52583e-06 -0.000367492 2.31202 0.0968905 2.29208
0.330718 5.16974 -0.000359124 1.46135e-06 -0.000358841 2.15855 0.098777 2.13946
0.33314 5.2076 -0.000354224 1.42769e-06 -0.000353964 2.24 0.100637 2.22165
0.335546 5.24521 -0.000345899 1.43142e-06 -0.000345661 2.05965 0.10734 2.04183
0.340306 5.31961 -0.000336972 1.38535e-06 -0.000336752 2.22799 0.112582 2.2101
0.342661 5.35643 -0.000331697 1.38562e-06 -0.000331481 2.23165 0.117827 2.21332
0.345 5.39299 -0.000327636 1.41114e-06 -0.000327422 2.3281 0.124676 2.30918
0.347323 5.4293 -0.000322333 1.35227e-06 -0.00032212 2.30313 0.125108 2.28348
0.349631 5.46538 -0.000319106 1.36263e-06 -0.000318891 2.46033 0.130348 2.4398
0.351923 5.50121 -0.00031237 1.25961e-06 -0.000312157 2.26405 0.127402 2.24255
0.354201 5.53682 -0.000307537 1.2153e-06 -0.000307324 2.23466 0.128464 2.21215
0.358714 5.60736 -0.000300282 1.24019e-06 -0.000300068 2.39797 0.141038 2.37368
0.360949 5.6423 -0.000294758 1.23884e-06 -0.000294549 2.24221 0.148041 2.2172
0.36317 5.67702 -0.000292101 1.21209e-06 -0.000291893 2.41304 0.149313 2.38746
0.365378 5.71154 -0.000289023 1.20617e-06 -0.000288819 2.52834 0.153614 2.50238
0.367572 5.74583 -0.000285049 1.18165e-06 -0.000284851 2.51907 0.156577 2.4929
0.369753 5.77992 -0.000280587 1.14987e-06 -0.000280398 2.42708 0.159115 2.40089
0.371922 5.81383 -0.000276949 1.20392e-06 -0.000276768 2.43129 0.173005 2.40526
0.376222 5.88105 -0.000269393 1.11931e-06 -0.00026923 2.35244 0.173933 2.32714
0.378354 5.91437 -0.000265735 1.04538e-06 -0.000265581 2.30587 0.168837 2.28099
0.380473 5.9475 -0.000262586 1.03764e-06 -0.000262439 2.32617 0.173551 2.30167
0.382581 5.98045 -0.000259964 1.0741e-06 -0.000259824 2.42523 0.18532 2.401
0.386762 6.04581 -0.000254211 1.08505e-06 -0.00025408 2.50647 0.200072 2.48238
0.388836 6.07823 -0.000253525 1.06626e-06 -0.000253396 2.94382 0.199796 2.91958
0.392951 6.14255 -0.00024792 9.75882e-07 -0.000247794 3.01044 0.195291 2.98529
0.394992 6.17446 -0.000242506 9.69849e-07 -0.000242384 2.47959 0.204957 2.45376
0.397023 6.20621 -0.000239724 1.01874e-06 -0.000239603 2.46671 0.222587 2.44019
0.399044 6.2378 -0.00023837 9.92503e-07 -0.000238249 2.75954 0.221565 2.73243
0.401054 6.26922 -0.000236317 9.84808e-07 -0.000236197 2.89454 0.225943 2.86693
0.403054 6.30048 -0.000233158 9.82657e-07 -0.00023304 2.76175 0.233915 2.73367
0.405045 6.3316 -0.00022996 9.33688e-07 -0.000229844 2.59592 0.230745 2.56737
0.408996 6.39337 -0.000227002 9.39885e-07 -0.000226888 3.08654 0.243041 3.05716
0.410958 6.42403 -0.000222448 9.25556e-07 -0.000222339 2.50752 0.251627 2.47792
0.41291 6.45455 -0.000220883 8.71098e-07 -0.000220776 2.70821 0.242473 2.67852
0.414853 6.48492 -0.000217971 8.92131e-07 -0.000217868 2.52046 0.257407 2.49074
0.416787 6.51515 -0.000215121 9.5345e-07 -0.000215022 2.32475 0.285069 2.29502
0.418713 6.54526 -0.000215761 8.83274e-07 -0.000215662 3.16554 0.264954 3.13575
0.420629 6.57521 -0.000212122 8.32822e-07 -0.000212027 2.7075 0.260831 2.67762
0.426326 6.66427 -0.000205743 9.10122e-07 -0.000205654 2.61701 0.311243 2.58664
0.428208 6.69368 -0.00020315 8.39202e-07 -0.000203063 2.39093 0.296965 2.3602
0.430082 6.72298 -0.000202769 8.09199e-07 -0.000202682 2.9379 0.289946 2.90661
0.431948 6.75215 -0.000200489 7.93439e-07 -0.000200402 2.7985 0.293334 2.76637
