0.009645 0.502564 -8.1335e-06 3.12048e-09 -8.1337e-06 0.0948784 0.000349172 0.0949008
0.0136401 0.710733 -1.80322e-05 7.87542e-09 -1.80327e-05 0.189333 0.000358573 0.189356
0.0167056 0.870465 -3.01955e-05 1.46901e-08 -3.01982e-05 0.280629 0.000357748 0.280695
0.01929 1.00513 -4.48313e-05 2.54981e-08 -4.48379e-05 0.361719 0.000375554 0.361816
0.0215669 1.12377 -6.35549e-05 4.03389e-08 -6.35675e-05 0.446366 0.000369504 0.446482
0.0236253 1.23102 -8.74902e-05 6.20773e-08 -8.75119e-05 0.528102 0.000360034 0.528228
0.0272802 1.42147 -0.000155303 1.45504e-07 -0.000155363 0.670098 0.000356997 0.670245
0.028935 1.50769 -0.000203825 2.06921e-07 -0.00020393 0.7333 0.000331497 0.733468
0.0305002 1.58925 -0.000269004 3.17419e-07 -0.000269199 0.794405 0.000324251 0.794605
0.0319889 1.66682 -0.000356055 4.68527e-07 -0.000356432 0.851064 0.00030031 0.851306
0.0334113 1.74094 -0.000475871 7.14067e-07 -0.000476615 0.904064 0.000279242 0.904356
0.0347756 1.81202 -0.000635783 1.10877e-06 -0.000637205 0.951214 0.000262798 0.951552
0.0360883 1.88042 -0.000825678 1.58385e-06 -0.000828121 0.989834 0.000239359 0.990204
0.03858 2.01026 -0.00154536 3.93341e-06 -0.00155299 1.06731 0.000193173 1.06769
0.0397674 2.07213 -0.00179691 4.88548e-06 -0.00180578 1.08988 0.000188548 1.09023
0.0409203 2.1322 -0.00197118 5.43449e-06 -0.00197951 1.10947 0.000184804 1.10975
0.0420416 2.19063 -0.0020385 5.7664e-06 -0.00204429 1.12647 0.000194074 1.12667
0.0431338 2.24754 -0.00200297 5.4992e-06 -0.0020051 1.14126 0.000202513 1.14134
0.044199 2.30304 -0.00184224 5.03563e-06 -0.00184097 1.15187 0.000230981 1.15181
0.0452391 2.35724 -0.00155238 3.81458e-06 -0.00154944 1.15383 0.000258771 1.15363
0.0472507 2.46205 -0.00122204 2.74694e-06 -0.00121883 1.16275 0.000328526 1.16237
0.048225 2.51282 -0.000987894 1.92233e-06 -0.000985798 1.14779 0.000366089 1.1474
0.0491801 2.56259 -0.000914148 1.79369e-06 -0.000912516 1.15315 0.000414606 1.15278
0.0501169 2.6114 -0.000837518 1.61314e-06 -0.00083636 1.15522 0.00046094 1.15489
0.0519399 2.70639 -0.000667402 1.13531e-06 -0.000666926 1.13745 0.000547963 1.13722
0.0528279 2.75266 -0.00062073 1.03959e-06 -0.000620378 1.13645 0.000599882 1.13624
0.0545604 2.84293 -0.000534301 7.93637e-07 -0.000533989 1.12609 0.00065933 1.12583
0.0554063 2.88701 -0.000497989 7.06659e-07 -0.000497632 1.11904 0.000697111 1.11868
0.0562395 2.93043 -0.000473143 6.70701e-07 -0.000472712 1.11945 0.000755455 1.11897
0.0570606 2.97321 -0.000445852 6.05491e-07 -0.000445354 1.11379 0.00079097 1.11314
0.05787 3.01538 -0.000428765 5.94686e-07 -0.000428195 1.11854 0.000864374 1.11771
0.0586683 3.05698 -0.000397828 5.048e-07 -0.000397255 1.09845 0.000876149 1.09746
0.0594558 3.09801 -0.000378398 4.66353e-07 -0.000377816 1.09204 0.000919036 1.0909
0.0610004 3.1785 -0.000362531 4.46274e-07 -0.000361907 1.12063 0.00100893 1.11922
0.0617582 3.21798 -0.000354811 4.32974e-07 -0.000354187 1.13543 0.00104755 1.13392
0.0625068 3.25699 -0.00034444 4.0238e-07 -0.000343838 1.14324 0.00105821 1.14166
0.0632465 3.29553 -0.000341854 4.07111e-07 -0.000341258 1.17141 0.00111278 1.16979
0.0639777 3.33363 -0.000327542 3.8934e-07 -0.000327003 1.16639 0.00118597 1.16475
0.0647006 3.3713 -0.000322493 3.88801e-07 -0.000321988 1.1877 0.00124927 1.18608
0.0654156 3.40856 -0.00031657 3.69815e-07 -0.00031611 1.20641 0.00126026 1.20484
0.0668225 3.48186 -0.000310032 3.49323e-07 -0.00030966 1.26346 0.00129447 1.26208
0.067515 3.51795 -0.000286009 3.05656e-07 -0.000285727 1.20737 0.00135807 1.20612
0.0682005 3.55367 -0.00029064 3.14543e-07 -0.000290384 1.2697 0.0013807 1.26858
0.0688791 3.58903 -0.000290316 3.21029e-07 -0.000290089 1.31189 0.00144028 1.31088
0.0695511 3.62404 -0.000284129 3.13061e-07 -0.000283928 1.32814 0.00149489 1.32718
0.0702167 3.65872 -0.000282796 3.03627e-07 -0.000282599 1.36769 0.00149166 1.36672
0.070876 3.69308 -0.000279816 3.11658e-07 -0.000279615 1.40007 0.00159348 1.39904
0.0721766 3.76085 -0.00027005 2.96764e-07 -0.000269832 1.44525 0.00168969 1.44401
0.0728182 3.79428 -0.000268232 2.83161e-07 -0.000267998 1.4853 0.00166357 1.48393
0.0734542 3.82742 -0.000262921 2.78192e-07 -0.000262678 1.50489 0.00173109 1.50338
0.0740847 3.86027 -0.000258633 2.67944e-07 -0.000258382 1.53017 0.00175294 1.52852
0.0753299 3.92515 -0.000248971 2.55869e-07 -0.000248721 1.57149 0.00186775 1.56967
0.0759448 3.95719 -0.000246382 2.48252e-07 -0.000246136 1.60773 0.00188074 1.60587
0.07716 4.02051 -0.000247369 2.56656e-07 -0.000247134 1.73034 0.00199095 1.72852
0.0777605 4.0518 -0.000240726 2.40769e-07 -0.000240517 1.73642 0.00200271 1.73468
0.0783564 4.08285 -0.000234616 2.42327e-07 -0.000234433 1.74393 0.00215429 1.7423
0.0789477 4.11366 -0.0002268 2.28409e-07 -0.000226646 1.73207 0.00220539 1.73058
0.0795347 4.14425 -0.000225355 2.18659e-07 -0.00022522 1.77918 0.00216999 1.77785
0.0801174 4.17461 -0.000220251 2.2249e-07 -0.000220138 1.78924 0.00234512 1.78805
0.0806959 4.20475 -0.000214909 2.10453e-07 -0.000214812 1.794 0.00236337 1.79292
0.0818406 4.2644 -0.000207986 2.01685e-07 -0.000207902 1.84058 0.00248705 1.83955
0.0824069 4.29391 -0.000203809 1.89463e-07 -0.000203726 1.8529 0.00246688 1.85181
0.0829695 4.32322 -0.00020017 1.83935e-07 -0.000200084 1.8703 0.0025169 1.86913
0.0835282 4.35234 -0.000196399 1.81583e-07 -0.00019631 1.88409 0.00261605 1.8828
0.0840832 4.38125 -0.000192331 1.7368e-07 -0.000192238 1.89125 0.00264411 1.88983
0.0846346 4.40999 -0.000188943 1.73401e-07 -0.000188845 1.90649 0.00277158 1.90493
0.0851824 4.43853 -0.000184855 1.67048e-07 -0.000184755 1.90805 0.00282578 1.90635
0.0862675 4.49507 -0.000178097 1.51791e-07 -0.000177994 1.92729 0.0028374 1.92536
0.086805 4.52308 -0.000174122 1.52851e-07 -0.00017402 1.92146 0.00302656 1.91944
0.0873392 4.55091 -0.00017135 1.49705e-07 -0.000171249 1.93657 0.00309877 1.93449
0.0878702 4.57858 -0.000167764 1.42359e-07 -0.000167667 1.9322 0.00311145 1.93007
0.0883979 4.60608 -0.000165522 1.39201e-07 -0.000165428 1.95473 0.00316299 1.9526
0.0889225 4.63341 -0.000162147 1.36194e-07 -0.000162059 1.9492 0.00326306 1.9471
0.0894441 4.66059 -0.000159352 1.3569e-07 -0.00015927 1.95444 0.00340544 1.95239
0.0904781 4.71447 -0.000153978 1.29169e-07 -0.00015391 1.96265 0.00355224 1.96078
0.0909908 4.74118 -0.000151659 1.24258e-07 -0.000151598 1.97321 0.00356223 1.97145
0.0915005 4.76774 -0.000148731 1.1788e-07 -0.000148676 1.96337 0.003553 1.96172
0.0920075 4.79416 -0.000146346 1.1963e-07 -0.000146296 1.96669 0.00376541 1.96513
0.093013 4.84655 -0.00014197 1.15261e-07 -0.000141927 1.97864 0.0039394 1.97717
0.0935118 4.87254 -0.000139741 1.11482e-07 -0.0001397 1.97955 0.00397498 1.97808
0.0945013 4.9241 -0.000135693 1.03702e-07 -0.000135653 1.98859 0.00400492 1.98705
0.0949923 4.94969 -0.000133609 1.00991e-07 -0.000133569 1.98702 0.00406479 1.98542
0.0954807 4.97513 -0.000131781 1.02446e-07 -0.000131741 1.99325 0.00428227 1.99159
0.0959666 5.00045 -0.00012989 1.05095e-07 -0.00012985 1.9945 0.00456803 1.99276
0.09645 5.02564 -0.000127738 9.89767e-08 -0.000127698 1.9813 0.00449324 1.97949
0.0969311 5.05071 -0.000126278 9.47084e-08 -0.000126238 1.99695 0.0044435 1.99506
0.0974098 5.07565 -0.000124508 9.54818e-08 -0.000124468 1.996 0.00465372 1.99406
0.0983601 5.12517 -0.000121445 8.8578e-08 -0.000121406 2.01082 0.00462672 2.0088
0.0988319 5.14975 -0.000119877 9.12258e-08 -0.000119839 2.01317 0.00493748 2.01112
0.0993014 5.17422 -0.000118472 8.87745e-08 -0.000118435 2.02222 0.00496625 2.02016
0.0997687 5.19857 -0.000117113 8.60377e-08 -0.000117077 2.03202 0.00497192 2.02994
0.100234 5.22281 -0.00011568 8.42516e-08 -0.000115645 2.03556 0.00503668 2.03349
0.100697 5.24694 -0.000114345 8.63622e-08 -0.000114312 2.04293 0.0053329 2.04086
0.101158 5.27096 -0.000112781 8.22082e-08 -0.000112749 2.03361 0.00526599 2.03158
0.102528 5.34234 -0.000109061 7.81972e-08 -0.000109034 2.05497 0.00550228 2.05308
0.10298 5.36589 -0.000107907 7.88573e-08 -0.000107881 2.06418 0.00571805 2.06229
0.103431 5.38939 -0.000106774 7.90132e-08 -0.000106748 2.07329 0.00590299 2.07135
0.10388 5.41279 -0.000105697 7.64826e-08 -0.00010567 2.08484 0.00588184 2.08279
