0.03215 0.502564 -8.66431e-05 1.72709e-07 -8.66513e-05 0.0930316 0.00189198 0.0931214
0.045467 0.710733 -0.000182666 3.60481e-07 -0.000182701 0.185646 0.00177657 0.185821
0.0556854 0.870466 -0.000289048 5.64106e-07 -0.000289136 0.277956 0.00166506 0.278215
0.0643 1.00513 -0.000401657 9.11601e-07 -0.000401825 0.359519 0.00185756 0.359861
0.0718896 1.12377 -0.000523734 1.16149e-06 -0.000524016 0.442034 0.0017396 0.442457
0.0787511 1.23103 -0.000646168 1.53232e-06 -0.000646591 0.513834 0.00180881 0.514334
0.090934 1.42147 -0.000908992 2.06303e-06 -0.000909798 0.659487 0.00164005 0.660128
0.09645 1.50769 -0.00103258 2.7486e-06 -0.0010336 0.722049 0.00190459 0.722757
0.101667 1.58924 -0.00114991 2.80795e-06 -0.00115116 0.781095 0.00174288 0.781868
0.10663 1.66682 -0.00125819 3.0881e-06 -0.00125966 0.836586 0.0017609 0.837423
0.111371 1.74094 -0.00135651 3.45603e-06 -0.00135819 0.889315 0.00184923 0.890215
0.115919 1.81203 -0.00143742 3.75824e-06 -0.00143927 0.936269 0.00193999 0.937227
0.120294 1.88042 -0.00149896 3.86822e-06 -0.00150094 0.977184 0.00197725 0.978196
0.1286 2.01026 -0.00160489 3.92629e-06 -0.00160705 1.06213 0.00200076 1.06324
0.132558 2.07213 -0.00160762 3.82031e-06 -0.00160974 1.08396 0.00206153 1.08511
0.136401 2.1322 -0.0016005 3.90638e-06 -0.00160254 1.10251 0.00225207 1.10368
0.140139 2.19063 -0.0016029 3.93691e-06 -0.00160489 1.12864 0.00238876 1.12985
0.143779 2.24753 -0.00159438 3.98004e-06 -0.00159629 1.15021 0.00256948 1.15145
0.14733 2.30304 -0.00157636 3.53092e-06 -0.00157817 1.16696 0.0024488 1.16822
0.150797 2.35724 -0.00154806 3.71672e-06 -0.00154976 1.17693 0.00280031 1.1782
0.157502 2.46205 -0.00148983 3.36349e-06 -0.00149131 1.19446 0.0029855 1.19577
0.16075 2.51282 -0.00145751 2.90239e-06 -0.00145889 1.19927 0.00280416 1.2006
0.163934 2.56259 -0.00142388 2.89658e-06 -0.00142516 1.2014 0.00304991 1.20275
0.167056 2.61139 -0.00139277 2.73677e-06 -0.00139396 1.20465 0.00312789 1.20601
0.173133 2.70639 -0.00132659 2.45602e-06 -0.00132759 1.20094 0.00332394 1.2023
0.176093 2.75266 -0.0012942 2.47759e-06 -0.00129512 1.1965 0.00364488 1.19784
0.181868 2.84293 -0.00123495 2.16641e-06 -0.0012357 1.18856 0.00373437 1.18985
0.184688 2.88702 -0.00121225 2.27538e-06 -0.00121293 1.19356 0.00419807 1.19482
0.187465 2.93043 -0.00117949 2.09535e-06 -0.0011801 1.17739 0.00420775 1.17862
0.190202 2.97321 -0.00115613 1.98443e-06 -0.00115669 1.17716 0.00426994 1.17835
0.1929 3.01538 -0.00113126 2.05374e-06 -0.00113177 1.17159 0.0047477 1.17277
0.195561 3.05698 -0.00110872 1.92509e-06 -0.00110918 1.1692 0.00476213 1.17035
0.198186 3.09801 -0.00108591 1.85671e-06 -0.00108634 1.16403 0.00491755 1.16516
0.203335 3.1785 -0.00103935 1.64973e-06 -0.00103971 1.14299 0.00502115 1.14409
0.205861 3.21799 -0.00101978 1.69647e-06 -0.00102011 1.13965 0.00549782 1.14073
0.208356 3.25699 -0.00100086 1.58147e-06 -0.00100116 1.13639 0.00545075 1.13744
0.210822 3.29554 -0.000979847 1.50464e-06 -0.00098012 1.12332 0.00553983 1.12433
0.213259 3.33363 -0.000962149 1.48735e-06 -0.000962392 1.11978 0.00581185 1.12073
0.215669 3.37131 -0.000945053 1.39601e-06 -0.000945267 1.11659 0.00578289 1.11748
0.218052 3.40856 -0.000925978 1.33532e-06 -0.000926163 1.10254 0.00589007 1.10336
0.222742 3.48187 -0.000894722 1.3232e-06 -0.000894853 1.09778 0.00652404 1.09842
0.22505 3.51795 -0.000878939 1.20934e-06 -0.000879043 1.0914 0.00630778 1.09195
0.227335 3.55367 -0.000868481 1.25108e-06 -0.000868561 1.11169 0.00682036 1.11213
0.229597 3.58903 -0.000852898 1.3725e-06 -0.000852955 1.10274 0.00791376 1.10307
0.231837 3.62404 -0.000835669 1.13602e-06 -0.000835707 1.08076 0.00695718 1.08099
0.234056 3.65873 -0.000824574 1.15958e-06 -0.000824599 1.0939 0.00743438 1.09406
0.236253 3.69307 -0.000810167 1.03951e-06 -0.000810182 1.08402 0.0070341 1.08412
0.240589 3.76085 -0.000787223 9.97183e-07 -0.000787224 1.09865 0.00741174 1.09866
0.242727 3.79427 -0.000771474 9.99204e-07 -0.000771469 1.07032 0.00787125 1.07028
0.244847 3.82741 -0.00076095 1.01467e-06 -0.00076094 1.08005 0.00835995 1.07996
0.246949 3.86027 -0.000750138 9.83859e-07 -0.000750121 1.08605 0.00848545 1.08591
0.2511 3.92516 -0.000728391 9.41363e-07 -0.000728358 1.09168 0.0089033 1.09137
0.253149 3.95719 -0.000716139 1.0039e-06 -0.000716097 1.07763 0.00998365 1.07721
0.2572 4.02051 -0.000697234 8.82921e-07 -0.000697175 1.099 0.00956247 1.09836
0.259202 4.05181 -0.000687332 8.10042e-07 -0.000687262 1.1023 0.00916916 1.10151
0.261188 4.08285 -0.000678454 7.91052e-07 -0.000678371 1.11538 0.00933184 1.11441
0.263159 4.11366 -0.000668679 8.08143e-07 -0.000668583 1.11596 0.00996332 1.11478
0.265116 4.14425 -0.000658972 8.1171e-07 -0.000658866 1.11484 0.0104585 1.11348
0.267058 4.17461 -0.000648828 7.98023e-07 -0.000648715 1.10498 0.0107624 1.10346
0.268986 4.20475 -0.000640281 7.398e-07 -0.000640163 1.11393 0.010394 1.11226
0.272802 4.2644 -0.000623889 6.98006e-07 -0.000623763 1.13614 0.0106244 1.13423
0.27469 4.29391 -0.000615224 7.68302e-07 -0.000615096 1.13679 0.0121933 1.13476
0.276565 4.32322 -0.00060602 7.64529e-07 -0.000605892 1.12555 0.0126762 1.12343
0.278427 4.35233 -0.000598777 7.25725e-07 -0.000598649 1.1441 0.0124922 1.14189
0.280277 4.38125 -0.000591039 6.81222e-07 -0.000590912 1.15224 0.0121957 1.14997
0.282115 4.40998 -0.000583907 7.13724e-07 -0.000583782 1.16918 0.0132639 1.16686
0.283941 4.43852 -0.000575095 6.90336e-07 -0.000574973 1.15175 0.0133971 1.14938
0.287558 4.49506 -0.000561647 6.76354e-07 -0.000561525 1.18976 0.0141149 1.18722
0.28935 4.52308 -0.000553292 5.75046e-07 -0.00055317 1.17054 0.0125205 1.16788
0.291131 4.55092 -0.000547284 6.64292e-07 -0.00054716 1.19931 0.0149657 1.19651
0.292901 4.57859 -0.000539739 5.97202e-07 -0.000539614 1.19082 0.0140019 1.18789
0.29466 4.60608 -0.000533684 6.38659e-07 -0.000533558 1.21432 0.0155002 1.21126
0.296408 4.63341 -0.000525323 5.81764e-07 -0.000525197 1.17774 0.0147459 1.17455
0.298147 4.66059 -0.000519595 5.84435e-07 -0.000519468 1.20391 0.0153204 1.20057
0.301594 4.71447 -0.000507741 5.97498e-07 -0.00050761 1.2394 0.0167846 1.23572
0.303303 4.74119 -0.000500648 5.58891e-07 -0.000500515 1.21937 0.0163319 1.21549
0.305002 4.76775 -0.000494504 5.551e-07 -0.000494368 1.22261 0.0168138 1.2185
0.306692 4.79416 -0.0004882 5.48208e-07 -0.000488062 1.21722 0.0172262 1.21288
0.310043 4.84655 -0.000477166 5.28356e-07 -0.000477026 1.24594 0.0177614 1.24125
0.311706 4.87254 -0.00047214 5.25907e-07 -0.000472001 1.27295 0.0182517 1.26813
0.315004 4.9241 -0.000460223 4.97787e-07 -0.000460088 1.25051 0.0185688 1.24548
0.316641 4.94969 -0.000455481 4.90256e-07 -0.000455348 1.27872 0.0188652 1.27359
0.318269 4.97513 -0.000449819 4.92538e-07 -0.000449688 1.2679 0.0196334 1.26268
0.319889 5.00046 -0.00044534 5.20041e-07 -0.00044521 1.30073 0.0213647 1.29541
0.3215 5.02564 -0.00044012 4.75195e-07 -0.000439992 1.29987 0.0201899 1.29444
0.323104 5.05071 -0.000435658 4.58913e-07 -0.000435531 1.32791 0.0200987 1.32237
0.324699 5.07565 -0.000430236 4.87086e-07 -0.000430112 1.30982 0.0220899 1.30419
0.327867 5.12517 -0.000420446 4.45515e-07 -0.000420327 1.30728 0.0215712 1.30152
0.32944 5.14976 -0.000415989 4.40448e-07 -0.000415872 1.32093 0.0219947 1.3151
0.331005 5.17422 -0.000411229 3.89983e-07 -0.000411114 1.31516 0.0201178 1.30924
0.332562 5.19856 -0.00040766 4.40496e-07 -0.000407546 1.36753 0.0233412 1.36147
0.334113 5.22281 -0.000402543 4.17976e-07 -0.000402429 1.33391 0.0229271 1.32768
0.335656 5.24693 -0.000398621 4.02649e-07 -0.000398507 1.3608 0.0227318 1.35439
0.337192 5.27094 -0.000394964 3.77452e-07 -0.00039485 1.4 0.0219049 1.39341
0.341759 5.34233 -0.000382179 3.77772e-07 -0.000382067 1.38716 0.0240536 1.38004
0.343268 5.36591 -0.000378148 3.73997e-07 -0.000378036 1.38744 0.0245391 1.38012
0.34477 5.38939 -0.000374685 3.7437e-07 -0.000374573 1.42106 0.0252393 1.41352
0.346266 5.41278 -0.000370457 3.70247e-07 -0.000370345 1.39863 0.0257566 1.39085
