0.01929 0.502564 -3.19282e-05 1.14831e-08 -3.19301e-05 0.0979916 0.000333513 0.0980454
0.0272802 0.710733 -6.89391e-05 2.6426e-08 -6.89476e-05 0.192689 0.000329214 0.192794
0.0334113 0.870468 -0.000111645 4.37809e-08 -0.000111667 0.283313 0.000311897 0.283469
0.03858 1.00513 -0.000160759 6.60635e-08 -0.000160804 0.370412 0.000302609 0.370617
0.0431338 1.12377 -0.000216923 9.66751e-08 -0.000217004 0.453849 0.000303952 0.454102
0.0472507 1.23103 -0.000280191 1.29253e-07 -0.000280324 0.532467 0.000292231 0.532767
0.0545604 1.42147 -0.000428123 2.16973e-07 -0.000428421 0.676716 0.000280033 0.6771
0.05787 1.50769 -0.000511175 2.80761e-07 -0.000511592 0.742034 0.000285882 0.742459
0.0610004 1.58925 -0.000597485 3.32752e-07 -0.000598045 0.802239 0.000275492 0.802703
0.0639777 1.66682 -0.000683948 3.99939e-07 -0.00068467 0.857182 0.000277894 0.857685
0.0668225 1.74093 -0.000768615 4.8654e-07 -0.000769511 0.907862 0.000291961 0.908401
0.0695511 1.81202 -0.000846552 4.94541e-07 -0.000847621 0.953379 0.00026497 0.953952
0.0721766 1.88042 -0.000914324 5.50902e-07 -0.000915547 0.993846 0.000272456 0.994451
0.07716 2.01026 -0.00101334 6.2762e-07 -0.00101478 1.06176 0.000288754 1.06242
0.0795347 2.07212 -0.00103949 6.52914e-07 -0.00104096 1.08799 0.000303313 1.08867
0.0818406 2.1322 -0.00105309 6.53334e-07 -0.00105456 1.11041 0.000313127 1.11111
0.0840832 2.19063 -0.00105554 6.45477e-07 -0.00105698 1.12917 0.000325054 1.1299
0.0862675 2.24753 -0.00104864 6.09754e-07 -0.00105002 1.14445 0.000327525 1.14519
0.0883979 2.30304 -0.00103438 5.92979e-07 -0.00103568 1.15647 0.000343765 1.15722
0.0904781 2.35723 -0.00101338 5.69335e-07 -0.00101459 1.16466 0.0003603 1.16543
0.0945013 2.46205 -0.000962465 5.29812e-07 -0.000963496 1.17331 0.00040559 1.1741
0.09645 2.51282 -0.000934264 4.90125e-07 -0.00093521 1.1737 0.000414842 1.1745
0.0983601 2.56258 -0.000906124 4.63659e-07 -0.000906989 1.17235 0.000433933 1.17316
0.100234 2.61141 -0.000878612 4.39641e-07 -0.000879399 1.16956 0.000454513 1.17037
0.10388 2.70639 -0.000825595 3.60159e-07 -0.000826248 1.15931 0.000453031 1.16013
0.105656 2.75267 -0.000799934 3.75875e-07 -0.00080052 1.15138 0.000521048 1.1522
0.109121 2.84294 -0.000755374 3.37605e-07 -0.000755844 1.13753 0.000559953 1.1383
0.110813 2.88702 -0.000734089 3.10572e-07 -0.000734508 1.12848 0.000562524 1.12924
0.112479 2.93043 -0.000714324 3.07768e-07 -0.000714699 1.11964 0.000606611 1.12038
0.114121 2.9732 -0.000695189 2.82642e-07 -0.000695522 1.10953 0.000605531 1.11024
0.11574 3.01538 -0.00067772 2.62059e-07 -0.000678018 1.10054 0.000607678 1.10123
0.117337 3.05699 -0.000661367 2.50518e-07 -0.00066164 1.09191 0.000626983 1.09259
0.118912 3.09802 -0.000645825 2.36885e-07 -0.000646078 1.08313 0.000638571 1.08381
0.122001 3.1785 -0.000617679 2.3793e-07 -0.000617887 1.06755 0.000738156 1.0682
0.123516 3.21797 -0.000605015 2.34538e-07 -0.000605207 1.0613 0.000777395 1.06194
0.125014 3.257 -0.000593304 2.20815e-07 -0.000593482 1.05668 0.000779688 1.05732
0.126493 3.29553 -0.00058125 2.17177e-07 -0.00058141 1.04919 0.000818035 1.04979
0.127955 3.33362 -0.000570518 2.10973e-07 -0.00057066 1.04508 0.000844067 1.04564
0.129401 3.3713 -0.000559968 2.09141e-07 -0.000560092 1.0403 0.000888354 1.04083
0.130831 3.40855 -0.000550125 1.96547e-07 -0.000550232 1.03718 0.000884273 1.03766
0.133645 3.48186 -0.000531089 1.86496e-07 -0.00053116 1.03 0.000939538 1.03036
0.13503 3.51795 -0.000522801 1.82161e-07 -0.000522858 1.03082 0.000966804 1.03112
0.136401 3.55367 -0.000514599 1.84233e-07 -0.000514643 1.03118 0.00102987 1.03143
0.137758 3.58902 -0.000506383 1.74005e-07 -0.000506415 1.03043 0.00102464 1.03062
0.139102 3.62404 -0.000498391 1.72577e-07 -0.000498413 1.02991 0.0010697 1.03004
0.140433 3.65871 -0.000491065 1.65598e-07 -0.000491078 1.03255 0.00107766 1.03263
0.141752 3.69308 -0.000483794 1.66124e-07 -0.000483799 1.03473 0.00113488 1.03476
0.144353 3.76084 -0.000469675 1.55991e-07 -0.000469674 1.0393 0.0011726 1.03929
0.145636 3.79427 -0.000463231 1.52278e-07 -0.000463228 1.04492 0.00119777 1.0449
0.146908 3.82741 -0.000456768 1.49402e-07 -0.000456761 1.04965 0.00122987 1.04959
0.148169 3.86026 -0.000450411 1.45452e-07 -0.000450398 1.05443 0.00125266 1.05432
0.15066 3.92516 -0.000438112 1.37574e-07 -0.000438089 1.06516 0.00129479 1.06494
0.15189 3.9572 -0.000432286 1.34931e-07 -0.000432259 1.07233 0.00132578 1.07206
0.15432 4.02051 -0.000420538 1.3315e-07 -0.000420503 1.08309 0.00142704 1.08271
0.155521 4.0518 -0.000415395 1.31861e-07 -0.000415353 1.09504 0.00147113 1.09458
0.156713 4.08286 -0.000409823 1.2754e-07 -0.000409773 1.10148 0.00148443 1.10089
0.157895 4.11365 -0.00040451 1.25553e-07 -0.000404451 1.10992 0.00152273 1.1092
0.159069 4.14424 -0.00039919 1.27296e-07 -0.000399124 1.11742 0.00160902 1.11659
0.160235 4.17462 -0.000393949 1.18571e-07 -0.000393879 1.12497 0.00156156 1.12405
0.161392 4.20476 -0.000388853 1.18169e-07 -0.00038878 1.13338 0.0016205 1.13237
0.163681 4.2644 -0.000378943 1.14287e-07 -0.000378867 1.15098 0.0016975 1.14984
0.164814 4.29391 -0.000373998 1.06338e-07 -0.000373921 1.15825 0.00164402 1.15707
0.165939 4.32322 -0.000369031 1.12718e-07 -0.000368954 1.16386 0.00181441 1.16262
0.167056 4.35232 -0.000364546 1.13315e-07 -0.00036447 1.17602 0.00189443 1.17475
0.168166 4.38124 -0.000359977 1.06837e-07 -0.000359901 1.18575 0.00185619 1.18442
0.169269 4.40998 -0.000355353 1.0596e-07 -0.000355276 1.19324 0.00191406 1.19186
0.170365 4.43853 -0.000350999 1.03236e-07 -0.000350922 1.20437 0.00193625 1.20293
0.172535 4.49507 -0.000342164 1.01153e-07 -0.000342087 1.22018 0.00204762 1.21863
0.17361 4.52308 -0.000337674 1.01243e-07 -0.000337598 1.22425 0.00213061 1.22265
0.174678 4.5509 -0.000333756 1.02309e-07 -0.00033368 1.23887 0.00223111 1.23721
0.17574 4.57857 -0.00032978 9.76187e-08 -0.000329704 1.2511 0.00220707 1.24938
0.176796 4.60608 -0.000325635 9.81708e-08 -0.000325558 1.25802 0.00230388 1.25622
0.177845 4.63341 -0.000321589 9.43517e-08 -0.000321511 1.26549 0.00229737 1.26359
0.178888 4.66058 -0.000317648 9.24855e-08 -0.000317568 1.2738 0.00233535 1.27179
0.180956 4.71446 -0.000309897 8.48386e-08 -0.000309813 1.2885 0.00230319 1.28622
0.181982 4.74119 -0.000306355 8.55646e-08 -0.000306269 1.30243 0.002404 1.30001
0.183001 4.76774 -0.000302569 8.4827e-08 -0.000302482 1.30764 0.00247077 1.30511
0.184015 4.79416 -0.000299027 8.39673e-08 -0.00029894 1.31817 0.00253185 1.31553
0.186026 4.84655 -0.000291948 8.63517e-08 -0.000291861 1.3337 0.00279162 1.3309
0.187024 4.87255 -0.000288556 8.18893e-08 -0.00028847 1.34337 0.00273912 1.34049
0.189003 4.92411 -0.00028196 7.55124e-08 -0.000281876 1.36313 0.00270165 1.36013
0.189985 4.9497 -0.00027864 7.77507e-08 -0.000278557 1.36914 0.00287809 1.36609
0.190961 4.97512 -0.000275468 8.06898e-08 -0.000275386 1.37836 0.00308755 1.37524
0.191933 5.00045 -0.00027209 7.69795e-08 -0.00027201 1.37744 0.00304996 1.37426
0.1929 5.02564 -0.000269243 7.23443e-08 -0.000269164 1.39533 0.00295682 1.39208
0.193862 5.0507 -0.000266106 6.89413e-08 -0.000266028 1.3993 0.0029134 1.396
0.19482 5.07566 -0.000263092 7.01815e-08 -0.000263015 1.40616 0.00306421 1.4028
0.19672 5.12516 -0.000257229 6.65508e-08 -0.000257155 1.41981 0.00309921 1.41636
0.197664 5.14976 -0.000254533 6.78226e-08 -0.00025446 1.43431 0.00325672 1.43081
0.198603 5.17422 -0.000251502 6.57099e-08 -0.00025143 1.43008 0.00326256 1.42651
0.199537 5.19856 -0.00024894 6.94263e-08 -0.000248869 1.44651 0.00355156 1.44286
0.200468 5.22281 -0.000246208 6.49121e-08 -0.000246137 1.45218 0.00342651 1.44842
0.201394 5.24694 -0.000243413 6.48805e-08 -0.000243342 1.45162 0.00353642 1.44775
0.202315 5.27093 -0.000240967 6.48435e-08 -0.000240896 1.46744 0.0036396 1.46346
0.205056 5.34234 -0.00023335 6.3113e-08 -0.00023328 1.48512 0.0038806 1.48084
0.205961 5.36592 -0.000230888 6.34814e-08 -0.000230819 1.49018 0.0040222 1.48581
0.206862 5.38939 -0.000228562 6.12356e-08 -0.000228493 1.50119 0.00399402 1.49672
0.20776 5.41279 -0.000226235 5.80105e-08 -0.000226167 1.50983 0.00389549 1.50527
