0.01929 0.502564 -3.20853e-05 2.09206e-07 -3.20869e-05 0.0871886 0.00601691 0.0872333
0.0272802 0.710733 -7.11263e-05 5.31757e-07 -7.11575e-05 0.188157 0.00621952 0.188522
0.0334113 0.870468 -0.000116528 9.54357e-07 -0.000116556 0.269884 0.00624049 0.27007
0.03858 1.00513 -0.000170448 1.4558e-06 -0.000170461 0.349539 0.00593426 0.349591
0.0431338 1.12377 -0.000232636 2.27994e-06 -0.000232643 0.421092 0.0062369 0.421112
0.0472507 1.23103 -0.000317707 3.33117e-06 -0.000317768 0.512338 0.00586115 0.512444
0.0545604 1.42147 -0.000527223 6.52622e-06 -0.000527871 0.653547 0.00554819 0.654099
0.05787 1.50769 -0.000674658 9.3577e-06 -0.000676019 0.725331 0.00545693 0.726126
0.0610004 1.58925 -0.00088882 1.23777e-05 -0.000891395 0.806044 0.0046127 0.807007
0.0639777 1.66682 -0.0010639 1.67108e-05 -0.00106755 0.853375 0.00477604 0.854421
0.0668225 1.74093 -0.00132903 2.17969e-05 -0.00133423 0.914115 0.0043508 0.915158
0.0695511 1.81202 -0.00163855 2.81314e-05 -0.00164523 0.97023 0.0040007 0.971185
0.0721766 1.88042 -0.0019917 3.53385e-05 -0.00199921 1.02257 0.00366534 1.02335
0.07716 2.01026 -0.00263992 5.0655e-05 -0.00264311 1.10845 0.00343531 1.10867
0.0795347 2.07212 -0.00271797 5.42067e-05 -0.0027158 1.13463 0.00369965 1.13448
0.0818406 2.1322 -0.00274685 5.40166e-05 -0.00273938 1.1601 0.00383663 1.15957
0.0840832 2.19063 -0.00283451 5.46327e-05 -0.00282199 1.19245 0.00385967 1.19157
0.0862675 2.24753 -0.00276845 5.12308e-05 -0.00275385 1.21644 0.00400069 1.2153
0.0883979 2.30304 -0.00264845 4.8434e-05 -0.00263447 1.23771 0.00433948 1.23646
0.0904781 2.35723 -0.00241151 4.30754e-05 -0.00240063 1.24733 0.00486918 1.24611
0.0945013 2.46205 -0.00198546 3.34058e-05 -0.00198072 1.25834 0.0060512 1.25748
0.09645 2.51282 -0.00176914 2.882e-05 -0.00176675 1.25182 0.006835 1.25126
0.0983601 2.56258 -0.00163165 2.65828e-05 -0.00163077 1.25555 0.00769562 1.2553
0.100234 2.61141 -0.00151742 2.41857e-05 -0.00151754 1.26086 0.00839651 1.2609
0.10388 2.70639 -0.00125483 1.82557e-05 -0.00125569 1.23391 0.00994232 1.23438
0.105656 2.75267 -0.00121982 1.68369e-05 -0.00122068 1.26021 0.0100378 1.26072
0.109121 2.84294 -0.00102439 1.45409e-05 -0.00102459 1.21392 0.013125 1.2141
0.110813 2.88702 -0.000995051 1.32202e-05 -0.000994853 1.23717 0.0130524 1.23697
0.112479 2.93043 -0.000903534 1.18427e-05 -0.000902989 1.18855 0.0146224 1.18788
0.114121 2.9732 -0.000876602 1.0426e-05 -0.000875713 1.20754 0.0140901 1.20634
0.11574 3.01538 -0.000836436 1.03602e-05 -0.000835308 1.20572 0.0158282 1.204
0.117337 3.05699 -0.000803286 9.53873e-06 -0.000801982 1.20999 0.0162488 1.20777
0.118912 3.09802 -0.000758593 8.86701e-06 -0.000757217 1.18763 0.0174012 1.18493
0.122001 3.1785 -0.000716352 8.08788e-06 -0.000714791 1.22139 0.0187497 1.21778
0.123516 3.21797 -0.000680679 7.74381e-06 -0.000679163 1.19809 0.0203818 1.19411
0.125014 3.257 -0.00067483 7.44321e-06 -0.000673265 1.24892 0.0204219 1.24463
0.126493 3.29553 -0.00064016 6.97747e-06 -0.000638706 1.21615 0.0217781 1.21162
0.127955 3.33362 -0.000613519 6.91204e-06 -0.000612166 1.19801 0.024031 1.19331
0.129401 3.3713 -0.000608806 6.60097e-06 -0.000607489 1.25262 0.023834 1.24787
0.130831 3.40855 -0.000593491 6.292e-06 -0.000592282 1.26908 0.0244311 1.26439
0.133645 3.48186 -0.000554339 5.82224e-06 -0.000553427 1.25513 0.0270187 1.2509
0.13503 3.51795 -0.000552038 5.70183e-06 -0.000551239 1.32293 0.0272261 1.31912
0.136401 3.55367 -0.000540306 5.3608e-06 -0.000539658 1.34625 0.0272532 1.34296
0.137758 3.58902 -0.00052687 5.11541e-06 -0.000526373 1.35838 0.0278816 1.35567
0.139102 3.62404 -0.000513724 5.17494e-06 -0.000513364 1.36862 0.0302351 1.36652
0.140433 3.65871 -0.00049945 4.96089e-06 -0.000499206 1.36788 0.0312413 1.36635
0.141752 3.69308 -0.000486031 4.65601e-06 -0.000485874 1.36743 0.0315366 1.36637
0.144353 3.76084 -0.000469998 4.77239e-06 -0.000469917 1.43254 0.0358373 1.43193
0.145636 3.79427 -0.000462649 4.64206e-06 -0.000462567 1.46858 0.0366175 1.46794
0.146908 3.82741 -0.000454336 4.46661e-06 -0.000454235 1.49569 0.037179 1.49485
0.148169 3.86026 -0.000449368 4.29001e-06 -0.000449233 1.54995 0.0371381 1.54878
0.15066 3.92516 -0.000429435 4.17753e-06 -0.000429226 1.56428 0.0409575 1.56224
0.15189 3.9572 -0.000427628 4.03964e-06 -0.000427375 1.64798 0.0406044 1.64544
0.15432 4.02051 -0.000409069 3.81908e-06 -0.000408759 1.65849 0.043317 1.65498
0.155521 4.0518 -0.00041011 3.84455e-06 -0.000409763 1.7774 0.0440705 1.77343
0.156713 4.08286 -0.00039975 3.75053e-06 -0.000399392 1.76395 0.0459509 1.75956
0.157895 4.11365 -0.000394028 3.59994e-06 -0.000393659 1.80281 0.0460874 1.79809
0.159069 4.14424 -0.00038078 3.43534e-06 -0.000380424 1.73784 0.0477964 1.7329
0.160235 4.17462 -0.000376099 3.44929e-06 -0.00037575 1.78422 0.0499156 1.77918
0.161392 4.20476 -0.000370858 3.34659e-06 -0.000370526 1.82135 0.0505265 1.81634
0.163681 4.2644 -0.000356659 3.23414e-06 -0.000356384 1.82882 0.0542887 1.82421
0.164814 4.29391 -0.000354094 3.33852e-06 -0.000353847 1.90424 0.057637 1.89998
0.165939 4.32322 -0.000344404 3.08894e-06 -0.000344197 1.85168 0.0571324 1.84786
0.167056 4.35232 -0.000333573 3.06625e-06 -0.000333406 1.76433 0.0612597 1.76099
0.168166 4.38124 -0.000339113 2.98844e-06 -0.000338968 1.99666 0.058532 1.99382
0.169269 4.40998 -0.000327792 2.90429e-06 -0.00032768 1.8909 0.0616716 1.88852
0.170365 4.43853 -0.000319993 2.85779e-06 -0.000319905 1.84549 0.0644969 1.84349
0.172535 4.49507 -0.000309699 2.65419e-06 -0.000309633 1.8561 0.0655816 1.85447
0.17361 4.52308 -0.000308714 2.77488e-06 -0.000308649 1.96097 0.0698641 1.95935
0.174678 4.5509 -0.0003077 2.71769e-06 -0.000307633 2.06718 0.0697269 2.06546
0.17574 4.57857 -0.000298127 2.67773e-06 -0.000298059 1.94544 0.0740788 1.94355
0.176796 4.60608 -0.000296157 2.53911e-06 -0.000296082 2.02448 0.0720431 2.02235
0.177845 4.63341 -0.000297357 2.56643e-06 -0.000297271 2.19541 0.0730967 2.19295
0.178888 4.66058 -0.000284771 2.60588e-06 -0.00028468 1.95676 0.0818829 1.95391
0.180956 4.71446 -0.000275184 2.39907e-06 -0.000275076 1.91748 0.0826178 1.91376
0.181982 4.74119 -0.000274061 2.46524e-06 -0.000273944 2.0188 0.086573 2.01471
0.183001 4.76774 -0.000271738 2.34059e-06 -0.000271616 2.07856 0.0845496 2.07415
0.184015 4.79416 -0.000267189 2.32808e-06 -0.000267065 2.05463 0.087955 2.04995
0.186026 4.84655 -0.000265025 2.21584e-06 -0.000264896 2.26511 0.0869611 2.26006
0.187024 4.87255 -0.000255134 2.17414e-06 -0.000255013 2.00874 0.0930567 2.00357
0.189003 4.92411 -0.000248865 2.16101e-06 -0.000248751 2.02937 0.0992784 2.02415
0.189985 4.9497 -0.000247473 2.116e-06 -0.000247363 2.11651 0.0993287 2.11137
0.190961 4.97512 -0.000246251 1.99064e-06 -0.000246147 2.21247 0.0953418 2.20747
0.191933 5.00045 -0.000240503 2.04189e-06 -0.000240409 2.0845 0.103567 2.07971
0.1929 5.02564 -0.000239621 2.00648e-06 -0.000239534 2.19571 0.103551 2.1912
0.193862 5.0507 -0.000236003 1.98198e-06 -0.000235925 2.16326 0.106494 2.15908
0.19482 5.07566 -0.000231557 1.94587e-06 -0.000231489 2.07756 0.109676 2.07374
0.19672 5.12516 -0.000227346 1.86707e-06 -0.000227295 2.15477 0.111293 2.15175
0.197664 5.14976 -0.000220894 1.83473e-06 -0.000220852 1.91917 0.116954 1.91651
0.198603 5.17422 -0.000224581 1.87107e-06 -0.000224543 2.3153 0.11648 2.31293
0.199537 5.19856 -0.00021971 1.77845e-06 -0.000219677 2.17031 0.116764 2.16813
0.200468 5.22281 -0.00021485 1.77401e-06 -0.00021482 2.00902 0.122938 2.00693
0.201394 5.24694 -0.000216038 1.8649e-06 -0.000216008 2.25931 0.129003 2.25722
0.202315 5.27093 -0.000215762 1.71349e-06 -0.000215731 2.41116 0.119923 2.409
0.205056 5.34234 -0.000206871 1.67521e-06 -0.000206837 2.27549 0.131023 2.27284
0.205961 5.36592 -0.0002022 1.65072e-06 -0.000202165 2.07524 0.136339 2.07236
0.206862 5.38939 -0.000198236 1.62982e-06 -0.0001982 1.91478 0.141281 1.91165
0.20776 5.41279 -0.000204235 1.67486e-06 -0.000204194 2.60015 0.137977 2.59675
0.208653 5.43605 -0.000200313 1.66171e-06 -0.00020027 2.4514 0.143537 2.44771
0.209543 5.45924 -0.0001971 1.56467e-06 -0.000197055 2.35064 0.140794 2.34663
0.211311 5.5053 -0.000192943 1.52974e-06 -0.000192894 2.33306 0.146088 2.32842
0.21219 5.5282 -0.000192248 1.5245e-06 -0.000192197 2.45255 0.147868 2.44763
0.213065 5.551 -0.000189315 1.52045e-06 -0.000189264 2.35035 0.153338 2.34518
0.213937 5.57372 -0.000186958 1.59233e-06 -0.000186907 2.29733 0.166014 2.29198
0.215669 5.61884 -0.000183257 1.46394e-06 -0.000183206 2.28087 0.161439 2.27527
0.21653 5.64128 -0.000183012 1.46656e-06 -0.000182961 2.4465 0.163459 2.44084
0.218241 5.68585 -0.000179034 1.45947e-06 -0.000178986 2.38011 0.172671 2.37444
0.219092 5.70802 -0.000176683 1.43191e-06 -0.000176637 2.29393 0.175305 2.28829
0.21994 5.73012 -0.000173475 1.42589e-06 -0.000173431 2.0894 0.182487 2.08383
0.220784 5.7521 -0.000175218 1.42719e-06 -0.000175175 2.50998 0.180411 2.50449
0.221625 5.77402 -0.000171693 1.41461e-06 -0.000171652 2.25453 0.187658 2.24915
0.222463 5.79585 -0.000171471 1.38152e-06 -0.000171432 2.42701 0.185131 2.42177
0.223298 5.8176 -0.000170827 1.37935e-06 -0.00017079 2.54461 0.187633 2.53955
0.224958 5.86085 -0.000165801 1.31589e-06 -0.00016577 2.24692 0.192842 2.24233
0.225784 5.88237 -0.000163721 1.30931e-06 -0.000163692 2.14367 0.198228 2.13932
0.226606 5.90379 -0.000164776 1.32767e-06 -0.000164749 2.51162 0.199884 2.50748
0.227426 5.92515 -0.000162076 1.33543e-06 -0.000162051 2.3078 0.209309 2.30381
0.228242 5.94641 -0.000163735 1.33002e-06 -0.00016371 2.77883 0.205726 2.77491
0.229056 5.96762 -0.000159329 1.26969e-06 -0.000159305 2.29044 0.208887 2.28652
0.229867 5.98875 -0.000157719 1.25651e-06 -0.000157696 2.23584 0.212456 2.23187
0.23148 6.03077 -0.000156725 1.2195e-06 -0.000156701 2.4984 0.211766 2.49426
0.232282 6.05166 -0.000157043 1.28939e-06 -0.000157019 2.7741 0.224544 2.76988
0.233082 6.07251 -0.000153554 1.27288e-06 -0.00015353 2.37212 0.233458 2.36779
0.233879 6.09327 -0.000153298 1.26299e-06 -0.000153274 2.54701 0.234011 2.54256
0.234673 6.11396 -0.000152903 1.19451e-06 -0.000152879 2.69787 0.223981 2.69328
0.235465 6.13459 -0.000150858 1.18933e-06 -0.000150834 2.5339 0.230646 2.52916
0.236253 6.15512 -0.00015019 1.2117e-06 -0.000150165 2.6299 0.238673 2.62498
0.237823 6.19602 -0.000147385 1.17917e-06 -0.00014736 2.52114 0.244408 2.51588
0.238604 6.21637 -0.000146931 1.1997e-06 -0.000146905 2.65733 0.251852 2.65192
0.239383 6.23667 -0.000145038 1.19141e-06 -0.000145012 2.48594 0.258363 2.48041
0.240159 6.25688 -0.000142782 1.20933e-06 -0.000142757 2.21989 0.272357 2.21427
0.241703 6.29711 -0.00014256 1.16205e-06 -0.000142535 2.63899 0.265911 2.63323
0.242472 6.31714 -0.000139744 1.0921e-06 -0.00013972 2.21676 0.261733 2.21096
0.244001 6.35698 -0.000137498 1.11268e-06 -0.000137475 2.14087 0.278931 2.13503
0.244763 6.37683 -0.000139051 1.12364e-06 -0.000139027 2.7681 0.277147 2.76226
0.245522 6.39661 -0.000138561 1.09035e-06 -0.000138538 2.89149 0.27252 2.88567
0.246278 6.4163 -0.000137622 1.12274e-06 -0.000137599 2.90081 0.286213 2.89502
0.247033 6.43597 -0.000135052 1.06425e-06 -0.00013503 2.47828 0.283454 2.47253
0.247785 6.45556 -0.000135092 1.06809e-06 -0.000135071 2.73673 0.286038 2.73104
0.248534 6.47508 -0.000134158 1.04258e-06 -0.000134137 2.73352 0.284822 2.72789
0.250027 6.51398 -0.000131754 1.06816e-06 -0.000131735 2.56384 0.306195 2.55834
0.25077 6.53333 -0.000132125 1.05681e-06 -0.000132106 2.92405 0.303035 2.91862
0.251511 6.55264 -0.000129977 1.05133e-06 -0.000129959 2.55168 0.313351 2.54627
0.25225 6.57189 -0.000130101 1.05433e-06 -0.000130083 2.84523 0.315492 2.83983
0.252986 6.59107 -0.000129407 1.07828e-06 -0.000129389 2.89449 0.328035 2.88904
0.25372 6.61019 -0.000129749 1.00154e-06 -0.000129731 3.25988 0.304846 3.25432
0.254453 6.62929 -0.000127774 1.0115e-06 -0.000127756 2.91088 0.319307 2.90514
0.255911 6.66727 -0.000125538 1.02079e-06 -0.000125519 2.71503 0.337665 2.70866
