0.01929 0.502564 -3.21577e-05 2.90134e-08 -3.21595e-05 0.0915139 0.000830682 0.0915645
0.0272802 0.710733 -7.03561e-05 6.79901e-08 -7.0369e-05 0.183643 0.000813145 0.183797
0.0334113 0.870468 -0.000115575 1.23176e-07 -0.0001156 0.27065 0.000818818 0.270814
0.03858 1.00513 -0.000169726 1.84039e-07 -0.000169769 0.356152 0.000756324 0.356329
0.0431338 1.12377 -0.000234657 2.98074e-07 -0.000234734 0.438727 0.000800936 0.438934
0.0472507 1.23103 -0.000313014 4.20308e-07 -0.000313157 0.518725 0.000761465 0.518984
0.0545604 1.42147 -0.000521211 8.36197e-07 -0.000521683 0.668369 0.000727848 0.66878
0.05787 1.50769 -0.000656489 1.11928e-06 -0.000657274 0.73695 0.000690467 0.737435
0.0610004 1.58925 -0.000817244 1.49378e-06 -0.000818454 0.801871 0.000660319 0.802407
0.0639777 1.66682 -0.000999691 2.01662e-06 -0.00100142 0.861029 0.000654996 0.861591
0.0668225 1.74093 -0.0012066 2.56733e-06 -0.00120893 0.91644 0.000624187 0.917006
0.0695511 1.81202 -0.00143758 3.40279e-06 -0.00144054 0.968744 0.000631223 0.969294
0.0721766 1.88042 -0.00167138 3.90534e-06 -0.00167486 1.01566 0.000577145 1.01617
0.07716 2.01026 -0.00208531 5.47366e-06 -0.00208901 1.09594 0.000594253 1.09634
0.0795347 2.07212 -0.00220951 5.78682e-06 -0.00221275 1.12775 0.000594948 1.12808
0.0818406 2.1322 -0.00224601 5.90971e-06 -0.00224852 1.15262 0.000623018 1.15289
0.0840832 2.19063 -0.00223543 5.89221e-06 -0.00223728 1.17462 0.000662287 1.17483
0.0862675 2.24753 -0.00218586 5.54163e-06 -0.00218729 1.19381 0.000685977 1.19399
0.0883979 2.30304 -0.00207951 5.41902e-06 -0.00208076 1.20634 0.000778307 1.20652
0.0904781 2.35723 -0.00195511 4.66283e-06 -0.00195634 1.21503 0.000793666 1.21524
0.0945013 2.46205 -0.00171023 3.77223e-06 -0.00171151 1.22549 0.000915177 1.2258
0.09645 2.51282 -0.00157538 3.46738e-06 -0.00157657 1.2212 0.00103269 1.22156
0.0983601 2.56258 -0.00146833 3.00754e-06 -0.00146939 1.21941 0.00107242 1.21978
0.100234 2.61141 -0.00137429 2.682e-06 -0.00137514 1.21723 0.00113393 1.21759
0.10388 2.70639 -0.00119986 2.14606e-06 -0.00120018 1.20191 0.00127939 1.20211
0.105656 2.75267 -0.00112736 2.13712e-06 -0.00112737 1.19311 0.00149374 1.19312
0.109121 2.84294 -0.00100592 1.7256e-06 -0.00100533 1.17471 0.00161782 1.17416
0.110813 2.88702 -0.000955603 1.48297e-06 -0.000954764 1.16635 0.00158969 1.16545
0.112479 2.93043 -0.000909364 1.47494e-06 -0.000908333 1.15701 0.00179977 1.15575
0.114121 2.9732 -0.000868634 1.32432e-06 -0.000867478 1.14928 0.00182388 1.1477
0.11574 3.01538 -0.000831569 1.31731e-06 -0.00083037 1.14187 0.00203658 1.14001
0.117337 3.05699 -0.000797531 1.17331e-06 -0.000796355 1.13453 0.00202703 1.13251
0.118912 3.09802 -0.000767458 1.15676e-06 -0.000766342 1.12976 0.00221636 1.12763
0.122001 3.1785 -0.000715841 1.02499e-06 -0.000714881 1.12611 0.00237558 1.12389
0.123516 3.21797 -0.000693558 9.62494e-07 -0.000692695 1.12748 0.00243529 1.12529
0.125014 3.257 -0.000672434 9.02811e-07 -0.00067167 1.12896 0.00248881 1.12686
0.126493 3.29553 -0.000653727 8.98409e-07 -0.00065305 1.13444 0.00268228 1.13242
0.127955 3.33362 -0.000634361 8.66399e-07 -0.000633766 1.13525 0.00281038 1.13332
0.129401 3.3713 -0.000618712 8.12524e-07 -0.000618187 1.14569 0.0028331 1.14386
0.130831 3.40855 -0.000602076 7.6974e-07 -0.000601614 1.15052 0.00289681 1.14878
0.133645 3.48186 -0.000575996 7.4295e-07 -0.000575624 1.18213 0.00318697 1.18053
0.13503 3.51795 -0.000559051 6.92911e-07 -0.000558717 1.17772 0.00322066 1.17617
0.136401 3.55367 -0.000547957 7.10962e-07 -0.000547646 1.19777 0.00350971 1.19623
0.137758 3.58902 -0.000538118 6.72401e-07 -0.000537819 1.22321 0.00351059 1.22165
0.139102 3.62404 -0.000526548 6.26087e-07 -0.000526255 1.23846 0.00348096 1.23683
0.140433 3.65871 -0.000517189 6.45764e-07 -0.00051689 1.26466 0.0037932 1.26291
0.141752 3.69308 -0.000507126 6.3655e-07 -0.000506816 1.28571 0.0039626 1.28379
0.144353 3.76084 -0.000487043 5.62263e-07 -0.000486704 1.3231 0.00393597 1.32072
0.145636 3.79427 -0.000479575 5.5649e-07 -0.000479215 1.35767 0.00409001 1.35502
0.146908 3.82741 -0.000468792 5.50636e-07 -0.000468412 1.36607 0.00431012 1.3631
0.148169 3.86026 -0.000461033 5.26398e-07 -0.000460629 1.39589 0.00433428 1.39257
0.15066 3.92516 -0.000443558 5.07363e-07 -0.000443117 1.43407 0.00466732 1.43002
0.15189 3.9572 -0.00043764 4.95568e-07 -0.000437184 1.47658 0.00476018 1.4722
0.15432 4.02051 -0.000423671 4.75847e-07 -0.000423204 1.53834 0.00503503 1.53341
0.155521 4.0518 -0.000416192 4.705e-07 -0.000415727 1.56142 0.00523976 1.55625
0.156713 4.08286 -0.000409163 4.49054e-07 -0.000408703 1.58731 0.00525392 1.58193
0.157895 4.11365 -0.000401037 4.3153e-07 -0.000400589 1.59738 0.00533507 1.59185
0.159069 4.14424 -0.000394611 4.36877e-07 -0.000394179 1.62565 0.00566153 1.62005
0.160235 4.17462 -0.000387354 4.1608e-07 -0.000386945 1.64059 0.00567784 1.63502
0.161392 4.20476 -0.000381461 4.38825e-07 -0.000381078 1.67149 0.00626351 1.66603
0.163681 4.2644 -0.000368707 3.93752e-07 -0.000368387 1.71197 0.00618587 1.70695
0.164814 4.29391 -0.000362436 4.03712e-07 -0.000362151 1.72935 0.00665381 1.72465
0.165939 4.32322 -0.000356856 3.9388e-07 -0.000356604 1.75519 0.00678701 1.75086
0.167056 4.35232 -0.000351674 3.87001e-07 -0.000351455 1.78557 0.00695804 1.78163
0.168166 4.38124 -0.000346013 3.67602e-07 -0.000345825 1.80475 0.00691722 1.80121
0.169269 4.40998 -0.000339753 3.61887e-07 -0.000339592 1.80883 0.00715489 1.80565
0.170365 4.43853 -0.000334438 3.52129e-07 -0.000334298 1.8277 0.00727755 1.82481
0.172535 4.49507 -0.000324005 3.37921e-07 -0.000323888 1.85942 0.0076308 1.85677
0.17361 4.52308 -0.000318095 3.26988e-07 -0.000317981 1.85337 0.00775656 1.85068
0.174678 4.5509 -0.000313596 3.2623e-07 -0.000313481 1.87658 0.00806061 1.87374
0.17574 4.57857 -0.000309602 3.20619e-07 -0.000309483 1.90986 0.0082271 1.90681
0.176796 4.60608 -0.000304657 3.14282e-07 -0.000304533 1.91561 0.00842919 1.91228
0.177845 4.63341 -0.000299852 3.07432e-07 -0.00029972 1.92061 0.00861373 1.91692
0.178888 4.66058 -0.00029608 3.01558e-07 -0.000295939 1.95118 0.00876837 1.94708
0.180956 4.71446 -0.00028686 2.85267e-07 -0.000286702 1.95201 0.00904328 1.947
0.181982 4.74119 -0.000283812 2.85946e-07 -0.000283646 1.99646 0.00936651 1.99104
0.183001 4.76774 -0.000278764 2.868e-07 -0.000278595 1.9712 0.00984758 1.96541
0.184015 4.79416 -0.000274832 2.75738e-07 -0.000274661 1.9788 0.00984916 1.97269
0.186026 4.84655 -0.000267985 2.6709e-07 -0.000267814 2.02014 0.0102548 2.01357
0.187024 4.87255 -0.000263835 2.45655e-07 -0.000263667 2.00708 0.00983555 2.00037
0.189003 4.92411 -0.000257454 2.43695e-07 -0.000257296 2.0457 0.0104642 2.03892
0.189985 4.9497 -0.000253424 2.4185e-07 -0.000253274 2.02267 0.0108291 2.01597
0.190961 4.97512 -0.000250438 2.43241e-07 -0.000250297 2.04146 0.0112669 2.03491
0.191933 5.00045 -0.000247659 2.42999e-07 -0.000247527 2.06702 0.0116265 2.06071
0.1929 5.02564 -0.000244611 2.34301e-07 -0.00024449 2.07652 0.0116066 2.07051
0.193862 5.0507 -0.000241474 2.27708e-07 -0.000241364 2.07748 0.0116898 2.07184
0.19482 5.07566 -0.000238088 2.2825e-07 -0.00023799 2.06085 0.0121717 2.05564
0.19672 5.12516 -0.000232623 2.31057e-07 -0.000232548 2.08431 0.0131577 2.08006
0.197664 5.14976 -0.000230046 2.13006e-07 -0.000229981 2.09977 0.0125214 2.09597
0.198603 5.17422 -0.000227363 2.19707e-07 -0.000227307 2.10532 0.0133469 2.1019
0.199537 5.19856 -0.000224487 2.10366e-07 -0.000224437 2.0945 0.0132319 2.09136
0.200468 5.22281 -0.000221921 2.16302e-07 -0.000221875 2.09895 0.0140515 2.09595
0.201394 5.24694 -0.000219489 2.07961e-07 -0.000219445 2.10818 0.0139384 2.10521
0.202315 5.27093 -0.000217593 2.13324e-07 -0.000217549 2.15048 0.0146815 2.14747
0.205056 5.34234 -0.000210136 1.96106e-07 -0.00021009 2.13405 0.0148667 2.13056
0.205961 5.36592 -0.000208438 1.93639e-07 -0.00020839 2.18042 0.0150522 2.17668
0.206862 5.38939 -0.000206177 1.95522e-07 -0.000206127 2.18021 0.0156703 2.17617
0.20776 5.41279 -0.000203848 2.00211e-07 -0.000203795 2.17023 0.0165583 2.16586
0.208653 5.43605 -0.000202028 1.89322e-07 -0.000201972 2.1985 0.016079 2.19376
0.209543 5.45924 -0.000199685 1.82681e-07 -0.000199627 2.17871 0.0160174 2.17359
0.211311 5.5053 -0.000195689 1.76891e-07 -0.000195625 2.18639 0.0164245 2.1805
0.21219 5.5282 -0.000194111 1.8582e-07 -0.000194045 2.22452 0.0176818 2.21826
0.213065 5.551 -0.000191844 1.7561e-07 -0.000191777 2.19313 0.0172493 2.18657
0.213937 5.57372 -0.000190166 1.68807e-07 -0.000190098 2.21531 0.0170136 2.2085
0.215669 5.61884 -0.000186592 1.76997e-07 -0.000186525 2.22762 0.0188303 2.22047
0.21653 5.64128 -0.000184737 1.71055e-07 -0.000184671 2.22072 0.0187139 2.21348
0.218241 5.68585 -0.000181421 1.65282e-07 -0.000181358 2.2387 0.0190465 2.2314
0.219092 5.70802 -0.00018015 1.61541e-07 -0.000180088 2.28803 0.0190264 2.28077
0.21994 5.73012 -0.000178271 1.65977e-07 -0.000178212 2.26261 0.0201174 2.25542
0.220784 5.7521 -0.000176857 1.55641e-07 -0.0001768 2.28928 0.0193146 2.2822
0.221625 5.77402 -0.000175243 1.5847e-07 -0.000175189 2.28804 0.0201819 2.28111
0.222463 5.79585 -0.000173766 1.55906e-07 -0.000173714 2.30054 0.0203469 2.29381
0.223298 5.8176 -0.000172031 1.59348e-07 -0.000171983 2.27547 0.0213764 2.26898
0.224958 5.86085 -0.000169143 1.54129e-07 -0.000169101 2.291 0.0217063 2.28513
0.225784 5.88237 -0.000167647 1.46287e-07 -0.000167609 2.28626 0.0211246 2.28073
0.226606 5.90379 -0.000166459 1.47193e-07 -0.000166424 2.32256 0.0217164 2.31733
0.227426 5.92515 -0.000164938 1.58656e-07 -0.000164905 2.30654 0.0240137 2.30155
0.228242 5.94641 -0.000163841 1.45334e-07 -0.00016381 2.3513 0.0224527 2.34648
0.229056 5.96762 -0.000162469 1.48149e-07 -0.000162439 2.35097 0.0234418 2.34622
0.229867 5.98875 -0.000161133 1.44928e-07 -0.000161104 2.35263 0.0234792 2.34789
0.23148 6.03077 -0.000158722 1.41025e-07 -0.000158693 2.38847 0.023878 2.38362
0.232282 6.05166 -0.000157316 1.38633e-07 -0.000157287 2.36709 0.0240604 2.36214
0.233082 6.07251 -0.000156008 1.37498e-07 -0.000155979 2.35853 0.0244327 2.35346
0.233879 6.09327 -0.00015473 1.3878e-07 -0.000154701 2.35117 0.0252414 2.34595
0.234673 6.11396 -0.000153826 1.37905e-07 -0.000153797 2.40907 0.0255506 2.40368
0.235465 6.13459 -0.00015286 1.34748e-07 -0.00015283 2.45394 0.0254535 2.44834
0.236253 6.15512 -0.000151597 1.30023e-07 -0.000151567 2.43941 0.0251394 2.4336
0.237823 6.19602 -0.000149198 1.37038e-07 -0.000149167 2.42286 0.02772 2.41658
0.238604 6.21637 -0.000148253 1.32209e-07 -0.000148221 2.46076 0.0272638 2.45426
0.239383 6.23667 -0.000147019 1.27167e-07 -0.000146987 2.43598 0.0268407 2.42927
0.240159 6.25688 -0.000146139 1.30095e-07 -0.000146107 2.48245 0.0279709 2.47557
0.241703 6.29711 -0.000143849 1.29677e-07 -0.000143817 2.45088 0.0291472 2.44372
0.242472 6.31714 -0.000142894 1.29136e-07 -0.000142862 2.47222 0.0296024 2.46497
0.244001 6.35698 -0.000141071 1.14681e-07 -0.00014104 2.52667 0.0273137 2.51934
0.244763 6.37683 -0.000139871 1.24687e-07 -0.000139841 2.48023 0.0303972 2.47288
0.245522 6.39661 -0.000138943 1.24691e-07 -0.000138913 2.49529 0.030997 2.48794
0.246278 6.4163 -0.000138102 1.17921e-07 -0.000138073 2.52936 0.0298549 2.52201
0.247033 6.43597 -0.000137128 1.2078e-07 -0.0001371 2.52718 0.0312047 2.51983
0.247785 6.45556 -0.000136271 1.20646e-07 -0.000136243 2.55156 0.0317559 2.54421
0.248534 6.47508 -0.000135309 1.22881e-07 -0.000135282 2.54508 0.033004 2.53774
0.250027 6.51398 -0.000133633 1.20032e-07 -0.000133607 2.58978 0.0334505 2.58256
0.25077 6.53333 -0.000132769 1.12955e-07 -0.000132744 2.60065 0.0320787 2.59352
0.251511 6.55264 -0.000131766 1.13464e-07 -0.000131742 2.5681 0.0329089 2.56109
0.25225 6.57189 -0.000130869 1.14721e-07 -0.000130846 2.56205 0.0339293 2.55513
0.252986 6.59107 -0.000130038 1.18355e-07 -0.000130015 2.57147 0.0356601 2.56462
0.25372 6.61019 -0.000129332 1.16925e-07 -0.00012931 2.61638 0.0358214 2.60954
0.254453 6.62929 -0.000128621 1.12256e-07 -0.000128599 2.65788 0.0349735 2.651
0.255911 6.66727 -0.00012699 1.10693e-07 -0.000126968 2.66658 0.0357849 2.6594
0.256637 6.68619 -0.000126042 1.07271e-07 -0.000126019 2.62188 0.0354029 2.61444
