0.009645 0.502564 -8.13839e-06 3.78387e-09 -8.13863e-06 0.0977813 0.000422891 0.0978086
0.0136401 0.710733 -1.80133e-05 8.82952e-09 -1.80145e-05 0.193267 0.000402826 0.193323
0.0167056 0.870465 -3.01069e-05 1.59656e-08 -3.01102e-05 0.285773 0.000391086 0.285853
0.01929 1.00513 -4.469e-05 2.73288e-08 -4.46971e-05 0.369508 0.000405057 0.369613
0.0215669 1.12377 -6.31491e-05 3.92357e-08 -6.31632e-05 0.455114 0.000364015 0.455245
0.0236253 1.23102 -8.63265e-05 6.0387e-08 -8.63526e-05 0.536385 0.000359697 0.53654
0.0272802 1.42147 -0.000151443 1.41114e-07 -0.000151519 0.680759 0.000364017 0.680955
0.028935 1.50769 -0.000198228 1.94267e-07 -0.000198355 0.74702 0.000328965 0.747234
0.0305002 1.58925 -0.000256561 2.76927e-07 -0.000256768 0.806499 0.000310942 0.806731
0.0319889 1.66682 -0.000329633 3.82301e-07 -0.000329967 0.860553 0.000285926 0.860803
0.0334113 1.74094 -0.000423028 5.65308e-07 -0.000423565 0.910806 0.000279912 0.911073
0.0347756 1.81202 -0.000541983 7.77295e-07 -0.00054284 0.957142 0.000253853 0.957423
0.0360883 1.88042 -0.000668543 1.01921e-06 -0.000669804 0.99431 0.000235446 0.994602
0.03858 2.01026 -0.000993718 1.87522e-06 -0.000996245 1.06168 0.000223787 1.06198
0.0397674 2.07213 -0.00110836 2.06399e-06 -0.00111131 1.0843 0.000210321 1.0846
0.0409203 2.1322 -0.00117573 2.23973e-06 -0.00117882 1.10232 0.000214767 1.10262
0.0420416 2.19063 -0.00119597 2.21183e-06 -0.00119891 1.11674 0.000216435 1.11702
0.0431338 2.24754 -0.00117263 2.20791e-06 -0.00117518 1.12767 0.0002367 1.12794
0.044199 2.30304 -0.00111942 2.04352e-06 -0.0011215 1.13558 0.000252578 1.13584
0.0452391 2.35724 -0.00102789 1.77213e-06 -0.00102946 1.1375 0.000272329 1.13774
0.0472507 2.46205 -0.000872153 1.44095e-06 -0.00087308 1.13823 0.000335852 1.13844
0.048225 2.51282 -0.000780457 1.16361e-06 -0.000781146 1.12937 0.000352921 1.12958
0.0491801 2.56259 -0.000723563 1.06026e-06 -0.000724113 1.12615 0.000389196 1.12635
0.0501169 2.6114 -0.000667663 9.20201e-07 -0.000668093 1.11955 0.000412067 1.11975
0.0519399 2.70639 -0.000570812 7.41282e-07 -0.000571045 1.09981 0.000488017 1.09996
0.0528279 2.75266 -0.000534751 6.60797e-07 -0.000534903 1.09088 0.000512903 1.091
0.0545604 2.84293 -0.000475496 5.45522e-07 -0.000475511 1.07224 0.000571526 1.07226
0.0554063 2.88701 -0.000450761 5.02901e-07 -0.00045072 1.06251 0.000604752 1.06246
0.0562395 2.93043 -0.000430629 4.59795e-07 -0.000430541 1.05532 0.000624321 1.0552
0.0570606 2.97321 -0.000410686 4.40805e-07 -0.000410561 1.04556 0.00067757 1.04537
0.05787 3.01538 -0.000394162 4.32348e-07 -0.000394014 1.03834 0.000742177 1.03809
0.0586683 3.05698 -0.000376349 3.83784e-07 -0.000376194 1.02605 0.00074278 1.02575
0.0594558 3.09801 -0.000362986 3.62935e-07 -0.000362832 1.01963 0.000775526 1.0193
0.0610004 3.1785 -0.000343574 3.29396e-07 -0.000343425 1.01854 0.000827009 1.01816
0.0617582 3.21798 -0.000337471 3.03405e-07 -0.000337325 1.02607 0.000809292 1.02568
0.0625068 3.25699 -0.000329096 3.03474e-07 -0.000328955 1.02722 0.000871953 1.02681
0.0632465 3.29553 -0.000322852 2.97916e-07 -0.000322712 1.03403 0.000910598 1.0336
0.0639777 3.33363 -0.000315036 2.81447e-07 -0.000314896 1.03558 0.000924506 1.03512
0.0647006 3.3713 -0.000309017 2.76628e-07 -0.000308873 1.0425 0.000965924 1.042
0.0654156 3.40856 -0.000304134 2.64204e-07 -0.000303982 1.0534 0.000973636 1.05284
0.0668225 3.48186 -0.000295307 2.6147e-07 -0.000295132 1.07951 0.00106666 1.07879
0.067515 3.51795 -0.000284843 2.32521e-07 -0.000284664 1.06651 0.00104085 1.06571
0.0682005 3.55367 -0.000284008 2.42728e-07 -0.000283814 1.09548 0.00111537 1.09459
0.0688791 3.58903 -0.000281145 2.40878e-07 -0.000280939 1.11622 0.00115223 1.11523
0.0695511 3.62404 -0.000277993 2.39655e-07 -0.000277778 1.13629 0.00119561 1.13521
0.0702167 3.65872 -0.000274207 2.29731e-07 -0.000273988 1.15369 0.00120068 1.15255
0.070876 3.69308 -0.000271614 2.23222e-07 -0.000271392 1.1779 0.00121152 1.1767
0.0721766 3.76085 -0.000263793 2.14976e-07 -0.000263577 1.2132 0.0012828 1.21192
0.0728182 3.79428 -0.000261061 2.08425e-07 -0.000260847 1.23834 0.00129255 1.23702
0.0734542 3.82742 -0.000258032 2.1313e-07 -0.000257822 1.26224 0.00137666 1.26089
0.0740847 3.86027 -0.00025496 2.06124e-07 -0.000254755 1.28634 0.00138717 1.28496
0.0753299 3.92515 -0.000247557 1.94606e-07 -0.000247365 1.32652 0.00143617 1.32511
0.0759448 3.95719 -0.000244253 1.88999e-07 -0.000244068 1.34958 0.00145621 1.34816
0.07716 4.02051 -0.00024116 1.93054e-07 -0.000240981 1.42504 0.00157503 1.42358
0.0777605 4.0518 -0.000236937 1.88112e-07 -0.000236765 1.44168 0.00161469 1.44021
0.0783564 4.08285 -0.000232992 1.84949e-07 -0.000232826 1.46005 0.00166697 1.45855
0.0789477 4.11366 -0.000227846 1.70074e-07 -0.000227687 1.46633 0.00162716 1.46481
0.0795347 4.14425 -0.000225209 1.71174e-07 -0.000225052 1.49572 0.00170128 1.49416
0.0801174 4.17461 -0.000221667 1.69969e-07 -0.000221514 1.51598 0.00176934 1.51438
0.0806959 4.20475 -0.000217871 1.61077e-07 -0.000217721 1.53283 0.00176086 1.53118
0.0818406 4.2644 -0.000210828 1.57026e-07 -0.000210681 1.56991 0.0018856 1.56815
0.0824069 4.29391 -0.000207749 1.56368e-07 -0.000207602 1.59258 0.00196066 1.59074
0.0829695 4.32322 -0.000204313 1.57918e-07 -0.000204167 1.60999 0.00207533 1.60807
0.0835282 4.35234 -0.000200664 1.47923e-07 -0.000200519 1.62331 0.00204259 1.6213
0.0840832 4.38125 -0.000197125 1.45639e-07 -0.000196981 1.63663 0.00211173 1.63454
0.0846346 4.40999 -0.000194 1.45432e-07 -0.000193857 1.65464 0.00220589 1.65247
0.0851824 4.43853 -0.000190663 1.41208e-07 -0.000190523 1.66812 0.00224623 1.66589
0.0862675 4.49507 -0.00018451 1.36423e-07 -0.000184375 1.69903 0.00237667 1.69668
0.086805 4.52308 -0.000180897 1.28715e-07 -0.000180767 1.70244 0.00236195 1.70005
0.0873392 4.55091 -0.000177848 1.23556e-07 -0.000177722 1.71398 0.0023746 1.71156
0.0878702 4.57858 -0.000175014 1.18029e-07 -0.000174892 1.72795 0.00237095 1.72551
0.0883979 4.60608 -0.000172228 1.21743e-07 -0.000172111 1.74127 0.00255565 1.73883
0.0889225 4.63341 -0.000169349 1.13216e-07 -0.000169238 1.75083 0.00248728 1.74839
0.0894441 4.66059 -0.000166292 1.12403e-07 -0.000166187 1.75421 0.00259106 1.75179
0.0904781 4.71447 -0.000161219 1.13791e-07 -0.000161125 1.77889 0.00285535 1.77654
0.0909908 4.74118 -0.000158461 1.08373e-07 -0.000158373 1.78266 0.00284671 1.78036
0.0915005 4.76774 -0.000156079 1.0532e-07 -0.000155996 1.7941 0.00288351 1.79183
0.0920075 4.79416 -0.000153423 9.86196e-08 -0.000153345 1.79582 0.00282527 1.79358
0.093013 4.84655 -0.000148714 9.94642e-08 -0.000148642 1.80946 0.00309928 1.80721
0.0935118 4.87254 -0.000146414 9.52329e-08 -0.000146344 1.81459 0.00309428 1.8123
0.0945013 4.9241 -0.00014212 8.78333e-08 -0.000142052 1.8281 0.00309336 1.82571
0.0949923 4.94969 -0.000140007 9.33986e-08 -0.00013994 1.83268 0.00342471 1.83023
0.0954807 4.97513 -0.000138176 8.87737e-08 -0.00013811 1.84556 0.00337641 1.84305
0.0959666 5.00045 -0.000136024 8.45789e-08 -0.000135959 1.84397 0.00335333 1.84139
0.09645 5.02564 -0.000134008 8.38533e-08 -0.000133944 1.84504 0.00345994 1.8424
0.0969311 5.05071 -0.000132058 8.3951e-08 -0.000131995 1.84629 0.00360269 1.84358
0.0974098 5.07565 -0.000130316 8.56243e-08 -0.000130254 1.85415 0.00381075 1.8514
0.0983601 5.12517 -0.000126989 7.84283e-08 -0.000126931 1.87095 0.00374771 1.86816
0.0988319 5.14975 -0.000125235 7.42812e-08 -0.000125179 1.87173 0.00368469 1.86894
0.0993014 5.17422 -0.00012377 7.76499e-08 -0.000123715 1.88468 0.00398104 1.88189
0.0997687 5.19857 -0.000122264 7.48795e-08 -0.000122211 1.89378 0.00397119 1.89098
0.100234 5.22281 -0.000120585 7.26365e-08 -0.000120534 1.89141 0.0039972 1.88862
0.100697 5.24694 -0.000119067 7.18574e-08 -0.000119018 1.89538 0.00409326 1.8926
0.101158 5.27096 -0.000117667 7.20538e-08 -0.00011762 1.904 0.00424116 1.90126
0.102528 5.34234 -0.000113586 6.97334e-08 -0.000113545 1.92511 0.0045246 1.92246
0.10298 5.36589 -0.000112256 6.62493e-08 -0.000112216 1.92978 0.00443984 1.92709
0.103431 5.38939 -0.000111125 6.72488e-08 -0.000111084 1.9461 0.00463952 1.9433
0.10388 5.41279 -0.000109854 6.25598e-08 -0.000109812 1.95101 0.00445502 1.94804
