0.009645 0.502564 -8.11884e-06 8.60048e-09 -8.11908e-06 0.100907 0.000965837 0.100934
0.0136401 0.710733 -1.78987e-05 2.0098e-08 -1.78998e-05 0.198682 0.000928713 0.198734
0.0167056 0.870465 -2.97308e-05 3.96205e-08 -2.97339e-05 0.292517 0.000995246 0.292595
0.01929 1.00513 -4.41102e-05 6.07321e-08 -4.41169e-05 0.382298 0.000923981 0.3824
0.0215669 1.12377 -6.14723e-05 9.29787e-08 -6.14852e-05 0.466063 0.000910349 0.466189
0.0236253 1.23102 -8.25897e-05 1.39687e-07 -8.26126e-05 0.545481 0.000909093 0.54563
0.0272802 1.42147 -0.000139102 2.64997e-07 -0.000139166 0.689272 0.000810326 0.689466
0.028935 1.50769 -0.000177488 3.66089e-07 -0.00017759 0.756314 0.000773369 0.756529
0.0305002 1.58925 -0.000221272 4.98951e-07 -0.000221427 0.814361 0.000753342 0.814596
0.0319889 1.66682 -0.00027227 6.21171e-07 -0.0002725 0.86763 0.000681188 0.867882
0.0334113 1.74094 -0.000327633 8.12837e-07 -0.000327958 0.913947 0.000671342 0.914215
0.0347756 1.81202 -0.000390769 9.68754e-07 -0.000391219 0.957776 0.000609134 0.958059
0.0360883 1.88042 -0.000455625 1.20149e-06 -0.000456223 0.996159 0.000598258 0.996457
0.03858 2.01026 -0.000565156 1.79309e-06 -0.000566035 1.05507 0.000662873 1.0554
0.0397674 2.07213 -0.000605104 1.95858e-06 -0.000606087 1.07815 0.00067099 1.07849
0.0409203 2.1322 -0.000622214 1.84449e-06 -0.000623233 1.09411 0.000632766 1.09446
0.0420416 2.19063 -0.000631601 1.7721e-06 -0.000632631 1.1084 0.000622782 1.10876
0.0431338 2.24754 -0.000626756 1.75777e-06 -0.00062775 1.11838 0.000660411 1.11875
0.044199 2.30304 -0.000613983 1.89971e-06 -0.000614918 1.12562 0.00078103 1.12601
0.0452391 2.35724 -0.000596466 1.58559e-06 -0.000597328 1.13071 0.000723741 1.13111
0.0472507 2.46205 -0.000546172 1.45005e-06 -0.000546858 1.13056 0.000861471 1.13096
0.048225 2.51282 -0.000515396 1.19758e-06 -0.000515986 1.12395 0.00083246 1.12436
0.0491801 2.56259 -0.00049081 1.16139e-06 -0.000491325 1.11885 0.000925996 1.11926
0.0501169 2.6114 -0.000466713 1.04487e-06 -0.00046716 1.1115 0.000956951 1.11191
0.0519399 2.70639 -0.000426235 9.67912e-07 -0.00042657 1.09605 0.00114195 1.09644
0.0528279 2.75266 -0.000406387 8.20165e-07 -0.000406676 1.08446 0.00110134 1.08485
0.0545604 2.84293 -0.000374383 7.21717e-07 -0.000374602 1.06323 0.00121835 1.0636
0.0554063 2.88701 -0.000359584 6.80301e-07 -0.000359775 1.05043 0.00128395 1.05079
0.0562395 2.93043 -0.000349592 6.54622e-07 -0.000349763 1.04456 0.00134684 1.04491
0.0570606 2.97321 -0.000336936 6.08493e-07 -0.00033709 1.03119 0.00138748 1.03154
0.05787 3.01538 -0.000328222 6.02438e-07 -0.000328365 1.02479 0.001489 1.02514
0.0586683 3.05698 -0.000317658 5.57201e-07 -0.00031779 1.01199 0.00151122 1.01235
0.0594558 3.09801 -0.000310491 5.10258e-07 -0.000310614 1.00671 0.00148774 1.00707
0.0610004 3.1785 -0.000295446 4.5026e-07 -0.000295551 0.990315 0.00152635 0.990671
0.0617582 3.21798 -0.000290233 4.64968e-07 -0.00029033 0.988227 0.00167424 0.988576
0.0625068 3.25699 -0.000285797 4.72943e-07 -0.000285886 0.988526 0.00179915 0.988867
0.0632465 3.29553 -0.000279252 4.25041e-07 -0.000279332 0.979984 0.00173401 0.980312
0.0639777 3.33363 -0.000274357 4.04261e-07 -0.000274429 0.977176 0.00174843 0.977486
0.0647006 3.3713 -0.000270224 4.18375e-07 -0.000270286 0.977183 0.00190777 0.977468
0.0654156 3.40856 -0.000267047 3.99475e-07 -0.0002671 0.981435 0.00190675 0.981687
0.0668225 3.48186 -0.000258947 3.48682e-07 -0.000258981 0.980914 0.00184727 0.981093
0.067515 3.51795 -0.000255557 3.01356e-07 -0.000255582 0.983681 0.00167344 0.983822
0.0682005 3.55367 -0.000252498 3.68292e-07 -0.000252516 0.988239 0.00213786 0.988342
0.0688791 3.58903 -0.00024953 3.61265e-07 -0.00024954 0.993335 0.00219034 0.993397
0.0695511 3.62404 -0.000247179 3.62645e-07 -0.000247183 1.00235 0.00228477 1.00238
0.0702167 3.65872 -0.000244073 3.56565e-07 -0.000244072 1.00673 0.00234841 1.00672
0.070876 3.69308 -0.000241743 3.14661e-07 -0.000241739 1.01631 0.00215247 1.01629
0.0721766 3.76085 -0.000236777 3.18158e-07 -0.000236772 1.03412 0.00235269 1.03408
0.0728182 3.79428 -0.000233633 2.97343e-07 -0.000233627 1.0382 0.0022987 1.03815
0.0734542 3.82742 -0.00023157 3.40113e-07 -0.000231564 1.0507 0.00272336 1.05065
0.0740847 3.86027 -0.000229207 3.08858e-07 -0.0002292 1.06108 0.00256789 1.06102
0.0753299 3.92515 -0.00022463 2.87327e-07 -0.000224622 1.08373 0.00257156 1.08367
0.0759448 3.95719 -0.000222421 2.85007e-07 -0.000222413 1.0961 0.00264437 1.09603
0.07716 4.02051 -0.00021783 2.75932e-07 -0.000217818 1.11974 0.00275543 1.11962
0.0777605 4.0518 -0.000215276 2.76409e-07 -0.000215261 1.12906 0.00287032 1.1289
0.0783564 4.08285 -0.000213053 2.63662e-07 -0.000213035 1.14184 0.00283847 1.14164
0.0789477 4.11366 -0.000210542 2.57858e-07 -0.000210521 1.1515 0.00288575 1.15127
0.0795347 4.14425 -0.000208233 2.63403e-07 -0.000208208 1.16335 0.00305865 1.16307
0.0801174 4.17461 -0.000205994 2.60966e-07 -0.000205965 1.17603 0.00314225 1.17568
0.0806959 4.20475 -0.000203224 2.77174e-07 -0.000203191 1.18205 0.00347886 1.18164
0.0818406 4.2644 -0.000198814 2.54083e-07 -0.000198774 1.20768 0.00342755 1.20714
0.0824069 4.29391 -0.000196043 2.4066e-07 -0.000195999 1.21243 0.00338543 1.21181
0.0829695 4.32322 -0.000194321 2.37608e-07 -0.000194274 1.23173 0.00344873 1.23105
0.0835282 4.35234 -0.000191846 2.47618e-07 -0.000191796 1.24 0.00373731 1.23925
0.0840832 4.38125 -0.000189577 2.33814e-07 -0.000189526 1.25098 0.0036622 1.25017
0.0846346 4.40999 -0.000187004 2.32594e-07 -0.000186952 1.25664 0.00379336 1.2558
0.0851824 4.43853 -0.000184943 2.33705e-07 -0.000184891 1.27018 0.00394754 1.2693
0.0862675 4.49507 -0.000180553 2.23743e-07 -0.000180503 1.29169 0.00406692 1.29078
0.086805 4.52308 -0.000177834 2.06353e-07 -0.000177785 1.29181 0.00391472 1.29088
0.0873392 4.55091 -0.000175812 1.80295e-07 -0.000175764 1.3043 0.00354268 1.30335
0.0878702 4.57858 -0.000173843 1.98054e-07 -0.000173796 1.31746 0.00402882 1.31651
0.0883979 4.60608 -0.000171568 2.25659e-07 -0.000171522 1.32378 0.00476966 1.32281
0.0889225 4.63341 -0.000169174 1.76489e-07 -0.000169129 1.32655 0.00388235 1.32557
0.0894441 4.66059 -0.000167032 1.84125e-07 -0.000166989 1.33389 0.00420369 1.3329
0.0904781 4.71447 -0.000162608 2.06911e-07 -0.000162567 1.34232 0.0051003 1.34131
0.0909908 4.74118 -0.000160859 1.82005e-07 -0.000160818 1.3566 0.00463659 1.35557
0.0915005 4.76774 -0.000159103 1.65824e-07 -0.000159063 1.37027 0.00436663 1.36921
0.0920075 4.79416 -0.000156715 1.71452e-07 -0.000156676 1.36616 0.00470516 1.36508
0.093013 4.84655 -0.000152668 1.61112e-07 -0.000152629 1.37366 0.00476136 1.37251
0.0935118 4.87254 -0.000150759 1.72678e-07 -0.00015072 1.37901 0.00528954 1.37781
0.0945013 4.9241 -0.000147218 1.65628e-07 -0.000147178 1.39512 0.00543393 1.39382
0.0949923 4.94969 -0.000145417 1.68755e-07 -0.000145377 1.40064 0.00573366 1.39929
0.0954807 4.97513 -0.000143669 1.6615e-07 -0.000143629 1.40681 0.00584302 1.4054
0.0959666 5.00045 -0.000141575 1.52842e-07 -0.000141535 1.39916 0.00559172 1.39769
0.09645 5.02564 -0.00014017 1.62439e-07 -0.000140129 1.41533 0.00612391 1.41378
0.0969311 5.05071 -0.000138528 1.53292e-07 -0.000138486 1.42174 0.00597619 1.42012
0.0974098 5.07565 -0.000137101 1.52475e-07 -0.000137059 1.43562 0.00612885 1.43393
0.0983601 5.12517 -0.000133806 1.48595e-07 -0.000133764 1.44215 0.00639372 1.44035
0.0988319 5.14975 -0.00013223 1.43017e-07 -0.000132188 1.44637 0.00636192 1.44451
0.0993014 5.17422 -0.0001306 1.38294e-07 -0.000130558 1.44667 0.00636645 1.44476
0.0997687 5.19857 -0.000128881 1.34621e-07 -0.00012884 1.44107 0.00642377 1.4391
0.100234 5.22281 -0.00012776 1.39686e-07 -0.000127719 1.46277 0.0068464 1.46074
0.100697 5.24694 -0.000126321 1.37506e-07 -0.00012628 1.46799 0.00695786 1.46592
0.101158 5.27096 -0.00012509 1.28145e-07 -0.000125049 1.48269 0.00667316 1.48058
0.102528 5.34234 -0.000120776 1.20449e-07 -0.000120738 1.48608 0.00691179 1.48393
0.10298 5.36589 -0.000119445 1.38604e-07 -0.000119408 1.48995 0.00820361 1.48777
0.103431 5.38939 -0.000118455 1.23352e-07 -0.000118419 1.51321 0.0074885 1.511
0.10388 5.41279 -0.000116881 1.24074e-07 -0.000116845 1.4994 0.00780395 1.49715
0.104327 5.43608 -0.000115878 1.2525e-07 -0.000115842 1.51985 0.00808405 1.51755
0.104772 5.45927 -0.000114497 1.10179e-07 -0.000114462 1.51459 0.0073461 1.51225
0.105656 5.50533 -0.000112079 1.13722e-07 -0.000112045 1.52168 0.00804707 1.51925
0.106095 5.5282 -0.000111102 9.90931e-08 -0.000111068 1.53956 0.00719524 1.5371
0.106533 5.55103 -0.000109676 1.10572e-07 -0.000109643 1.52327 0.00830695 1.52077
0.106968 5.57369 -0.000108903 1.12396e-07 -0.00010887 1.55418 0.0086344 1.55165
0.107834 5.61882 -0.000106707 1.10736e-07 -0.000106675 1.56315 0.00900461 1.56055
0.108265 5.64128 -0.000105792 1.09385e-07 -0.000105761 1.58064 0.00912164 1.57803
0.109121 5.68588 -0.000103431 9.79403e-08 -0.000103402 1.56576 0.00867981 1.56318
0.109546 5.70802 -0.00010271 1.12031e-07 -0.000102682 1.59646 0.0101469 1.59389
0.10997 5.73012 -0.000101694 9.80655e-08 -0.000101666 1.5995 0.00913068 1.59694
0.110392 5.7521 -0.000100827 9.64428e-08 -0.0001008 1.61504 0.00920479 1.61248
0.110813 5.77404 -9.98548e-05 9.7337e-08 -9.98285e-05 1.61931 0.00954422 1.61673
0.111232 5.79587 -9.89616e-05 1.02018e-07 -9.89357e-05 1.62971 0.0102617 1.6271
0.111649 5.8176 -9.79841e-05 8.59223e-08 -9.79585e-05 1.62992 0.00888222 1.62727
0.112479 5.86085 -9.62525e-05 9.57639e-08 -9.62272e-05 1.64891 0.0104121 1.64616
0.112892 5.88237 -9.53386e-05 9.43962e-08 -9.53134e-05 1.65093 0.0105381 1.64812
0.113303 5.90379 -9.4631e-05 9.27577e-08 -9.46059e-05 1.67456 0.0105873 1.6717
0.113713 5.92515 -9.36467e-05 8.38385e-08 -9.36218e-05 1.66516 0.00984237 1.66224
0.114121 5.94641 -9.29127e-05 8.76152e-08 -9.28881e-05 1.68327 0.010524 1.68031
0.114528 5.96762 -9.2039e-05 8.28181e-08 -9.20147e-05 1.68324 0.01021 1.68025
0.114933 5.98872 -9.12213e-05 7.55501e-08 -9.11973e-05 1.68815 0.00954884 1.68512
0.11574 6.03077 -8.958e-05 9.08095e-08 -8.95564e-05 1.69223 0.0120697 1.68909
0.116141 6.05166 -8.89522e-05 7.226e-08 -8.89286e-05 1.71751 0.00980791 1.7143
0.116541 6.07251 -8.82451e-05 8.57588e-08 -8.82215e-05 1.73108 0.0119091 1.72781
0.116939 6.09324 -8.74617e-05 8.50184e-08 -8.74382e-05 1.73229 0.0121009 1.72895
0.117337 6.11398 -8.66988e-05 8.8323e-08 -8.66755e-05 1.73495 0.0128808 1.73154
0.117732 6.13456 -8.6139e-05 7.82319e-08 -8.61158e-05 1.7655 0.0116358 1.76205
0.118127 6.15515 -8.53446e-05 7.92201e-08 -8.53218e-05 1.76015 0.0120838 1.75667
0.118912 6.19605 -8.39048e-05 7.54279e-08 -8.38828e-05 1.76599 0.0120622 1.76247
0.119302 6.21637 -8.33352e-05 8.87018e-08 -8.33136e-05 1.79046 0.0144739 1.78693
0.119691 6.23664 -8.26637e-05 7.79139e-08 -8.26425e-05 1.7971 0.0130053 1.79357
0.120079 6.25686 -8.20967e-05 7.06731e-08 -8.2076e-05 1.81994 0.0120378 1.81641
0.120852 6.29714 -8.06275e-05 7.75345e-08 -8.06078e-05 1.80301 0.0138688 1.79949
0.121236 6.31714 -8.00852e-05 7.74618e-08 -8.0066e-05 1.8258 0.0141333 1.82229
0.122001 6.35701 -7.88648e-05 7.0196e-08 -7.88464e-05 1.84255 0.0133741 1.83905
0.122381 6.37681 -7.84607e-05 7.14863e-08 -7.84426e-05 1.88819 0.0138464 1.88469
0.122761 6.39661 -7.76492e-05 7.62996e-08 -7.76315e-05 1.85337 0.015183 1.84985
0.123139 6.4163 -7.71353e-05 6.82937e-08 -7.71178e-05 1.87504 0.0138565 1.87149
0.123516 6.43595 -7.66253e-05 7.12927e-08 -7.66079e-05 1.89644 0.014748 1.89283
0.123892 6.45554 -7.61254e-05 6.79537e-08 -7.6108e-05 1.91885 0.0143294 1.91519
0.124267 6.47508 -7.54274e-05 7.54951e-08 -7.54101e-05 1.89754 0.016314 1.8938
0.125014 6.514 -7.42398e-05 6.06771e-08 -7.42225e-05 1.89291 0.0136981 1.88899
0.125385 6.53333 -7.37386e-05 6.51812e-08 -7.37211e-05 1.90838 0.0150044 1.90436
