0.048225 0.502564 -0.000195985 6.19795e-07 -0.000196011 0.0865001 0.00298553 0.0866266
0.0682005 0.710733 -0.000413753 1.3919e-06 -0.000413866 0.168894 0.00300783 0.169138
0.0835282 0.870467 -0.000657955 2.42151e-06 -0.000658252 0.254334 0.00310283 0.254714
0.09645 1.00513 -0.00092991 3.55889e-06 -0.000930504 0.338948 0.00304279 0.339456
0.107834 1.12376 -0.00121624 5.32188e-06 -0.00121725 0.413362 0.00332359 0.413991
0.118127 1.23103 -0.0015515 6.82689e-06 -0.0015531 0.500106 0.00314277 0.500841
0.136401 1.42147 -0.00223835 1.14314e-05 -0.00224147 0.645717 0.00336867 0.646637
0.144675 1.50769 -0.00261196 1.3584e-05 -0.00261612 0.719553 0.0033059 0.720566
0.152501 1.58925 -0.0030044 1.589e-05 -0.00300983 0.794504 0.0032462 0.795616
0.159944 1.66681 -0.0033089 1.86856e-05 -0.00331547 0.851889 0.00346053 0.853108
0.167056 1.74093 -0.0036028 2.03486e-05 -0.00361055 0.910904 0.00346659 0.912227
0.173878 1.81202 -0.00396216 2.30249e-05 -0.0039714 0.98407 0.00351229 0.985482
0.180441 1.88042 -0.00413577 2.3265e-05 -0.00414548 1.03274 0.00350763 1.03421
0.1929 2.01026 -0.00436465 2.62541e-05 -0.00437406 1.12941 0.00406333 1.13087
0.198837 2.07213 -0.00434584 2.62338e-05 -0.00435419 1.16498 0.00435342 1.16637
0.204601 2.1322 -0.00431285 2.58355e-05 -0.00431999 1.20243 0.00461166 1.2037
0.210208 2.19063 -0.00423255 2.5582e-05 -0.00423824 1.23496 0.00500786 1.23607
0.215669 2.24754 -0.00409706 2.43058e-05 -0.00410125 1.25844 0.00534864 1.25937
0.220995 2.30304 -0.00395232 2.34721e-05 -0.0039552 1.28009 0.00583136 1.28081
0.226195 2.35723 -0.00381826 2.19894e-05 -0.00382004 1.30426 0.00613527 1.30475
0.236253 2.46205 -0.00344658 1.91715e-05 -0.00344719 1.31386 0.0071659 1.31409
0.241125 2.51282 -0.00327712 1.84266e-05 -0.00327753 1.31594 0.00793645 1.31612
0.2459 2.56258 -0.00315631 1.65733e-05 -0.00315662 1.33483 0.00800335 1.33498
0.250585 2.61141 -0.00301108 1.60748e-05 -0.00301129 1.33796 0.0088581 1.33808
0.2597 2.70639 -0.00274312 1.45581e-05 -0.00274299 1.33745 0.0103846 1.33736
0.264139 2.75265 -0.00258421 1.33459e-05 -0.00258383 1.30423 0.0110988 1.30391
0.272802 2.84293 -0.00238542 1.18593e-05 -0.00238437 1.30904 0.0123537 1.30794
0.277032 2.88702 -0.00230599 1.12713e-05 -0.00230458 1.32383 0.0129611 1.32221
0.281198 2.93043 -0.00221273 1.10384e-05 -0.00221102 1.31665 0.0142081 1.31445
0.285303 2.97321 -0.00212149 1.0562e-05 -0.00211957 1.30282 0.0152284 1.30005
0.28935 3.01538 -0.00203742 9.96663e-06 -0.00203538 1.2894 0.0160286 1.28612
0.293341 3.05698 -0.00195985 9.56105e-06 -0.00195781 1.27674 0.0170805 1.27311
0.297279 3.09801 -0.00187748 9.21914e-06 -0.00187554 1.244 0.0184313 1.24013
0.305002 3.1785 -0.00175579 8.31499e-06 -0.00175407 1.23564 0.0200061 1.2315
0.308791 3.21798 -0.00168786 7.87781e-06 -0.00168628 1.19937 0.0210216 1.19516
0.312534 3.25699 -0.0016538 7.96087e-06 -0.0016523 1.24604 0.0226656 1.24179
0.316233 3.29554 -0.00160209 7.60684e-06 -0.0016007 1.23814 0.0236259 1.23383
0.319889 3.33364 -0.001563 7.0932e-06 -0.00156168 1.26294 0.0236836 1.25855
0.323503 3.3713 -0.00150822 7.12652e-06 -0.00150698 1.22657 0.0261342 1.22204
0.327078 3.40856 -0.00147952 6.87771e-06 -0.00147831 1.27819 0.026792 1.27347
0.334113 3.48187 -0.00141071 6.58933e-06 -0.00140953 1.3273 0.0294625 1.32204
0.337575 3.51795 -0.00135862 5.95746e-06 -0.00135748 1.25802 0.0293174 1.25239
0.341002 3.55366 -0.00133371 6.0596e-06 -0.00133255 1.3111 0.0315777 1.30505
0.344395 3.58902 -0.00129216 5.88905e-06 -0.00129101 1.26946 0.0333495 1.26296
0.347756 3.62405 -0.00126292 5.61749e-06 -0.00126177 1.28674 0.0339564 1.27979
0.351083 3.65872 -0.00123783 5.62925e-06 -0.00123668 1.32375 0.0361032 1.31637
0.35438 3.69308 -0.00120894 5.34643e-06 -0.0012078 1.33046 0.0366271 1.32266
0.360883 3.76085 -0.00114613 4.88294e-06 -0.00114504 1.27698 0.0385978 1.26837
0.364091 3.79428 -0.0011224 5.18823e-06 -0.00112133 1.29422 0.0435274 1.28524
0.367271 3.82742 -0.00110776 4.79242e-06 -0.0011067 1.38425 0.0420009 1.37497
0.370423 3.86027 -0.00107424 4.64647e-06 -0.00107324 1.29889 0.0440469 1.28942
0.376649 3.92515 -0.00103381 4.46046e-06 -0.0010329 1.34579 0.0471984 1.33617
0.379724 3.95719 -0.00102193 4.37893e-06 -0.00102106 1.45083 0.0481939 1.44125
0.3858 4.02051 -0.000985392 4.30964e-06 -0.000984632 1.50843 0.0526511 1.49916
0.388802 4.0518 -0.000967337 4.12913e-06 -0.000966635 1.52921 0.0531595 1.52018
0.391782 4.08285 -0.000946318 3.92211e-06 -0.00094568 1.50174 0.0535686 1.49303
0.394739 4.11367 -0.00092863 3.99849e-06 -0.000928048 1.50859 0.0575659 1.50022
0.397674 4.14425 -0.000909418 3.96209e-06 -0.000908889 1.48272 0.0603597 1.47466
0.400587 4.17461 -0.000894933 4.07352e-06 -0.000894441 1.51924 0.0650205 1.5114
0.403479 4.20475 -0.000878695 3.72174e-06 -0.00087823 1.51988 0.0625117 1.51207
0.409203 4.2644 -0.000853748 3.63077e-06 -0.000853293 1.62824 0.0664462 1.61991
0.412035 4.29391 -0.000836378 3.68247e-06 -0.000835923 1.5805 0.0711975 1.5717
0.414847 4.32322 -0.000819389 3.46814e-06 -0.000818932 1.52487 0.0708218 1.51554
0.417641 4.35234 -0.00080709 3.5362e-06 -0.000806625 1.55362 0.0754379 1.54371
0.420416 4.38125 -0.000802162 3.27994e-06 -0.000801681 1.73743 0.0717813 1.72691
0.423173 4.40999 -0.000786828 3.42888e-06 -0.000786345 1.68815 0.0790227 1.67702
0.425912 4.43853 -0.000779775 3.21894e-06 -0.000779282 1.82203 0.0765162 1.81032
0.431338 4.49507 -0.000751889 3.18598e-06 -0.00075141 1.73555 0.0835439 1.72299
0.434025 4.52308 -0.000741584 3.13147e-06 -0.000741115 1.76958 0.0854666 1.75678
0.436696 4.55091 -0.000730242 2.99138e-06 -0.000729789 1.76682 0.0852365 1.7539
0.439351 4.57858 -0.00072093 2.94446e-06 -0.000720493 1.81363 0.0871284 1.80072
0.44199 4.60608 -0.000703732 3.04739e-06 -0.000703325 1.60925 0.0957703 1.59646
0.444613 4.63342 -0.000700801 2.79321e-06 -0.00070041 1.83934 0.0895681 1.8268
0.44722 4.66058 -0.000695034 2.77516e-06 -0.000694665 1.9806 0.0915313 1.96843
0.452391 4.71447 -0.000674258 2.94006e-06 -0.000673945 1.93571 0.105421 1.92448
0.454954 4.74118 -0.000662378 2.78844e-06 -0.000662092 1.83875 0.104773 1.828
0.457503 4.76775 -0.000651042 2.73187e-06 -0.000650779 1.74445 0.107441 1.73409
0.460037 4.79415 -0.000647438 2.79058e-06 -0.000647187 1.94623 0.112205 1.93614
0.465065 4.84655 -0.000628601 2.53938e-06 -0.00062837 1.85996 0.110691 1.84991
0.467559 4.87254 -0.000625374 2.60227e-06 -0.000625144 2.07468 0.115839 2.06444
0.472507 4.92411 -0.000606286 2.46203e-06 -0.000606061 1.91377 0.119088 1.9029
0.474961 4.94968 -0.000599045 2.4489e-06 -0.00059882 1.92402 0.122598 1.91275
0.477403 4.97513 -0.000591938 2.50065e-06 -0.000591712 1.93223 0.129537 1.92052
0.479833 5.00045 -0.000583267 2.40668e-06 -0.000583042 1.84736 0.129715 1.83522
0.48225 5.02564 -0.000580698 2.53757e-06 -0.00058047 2.08467 0.139378 2.07212
0.484655 5.0507 -0.000574477 2.28662e-06 -0.000574249 2.11951 0.129613 2.1066
0.487049 5.07565 -0.000560745 2.34835e-06 -0.000560525 1.70213 0.141094 1.68894
0.491801 5.12517 -0.000550153 2.28816e-06 -0.000549941 1.8216 0.145621 1.80809
0.494159 5.14975 -0.000545864 2.25468e-06 -0.000545657 1.93848 0.147153 1.92496
0.496507 5.17422 -0.000539036 2.12125e-06 -0.000538837 1.8824 0.143324 1.86895
0.498843 5.19856 -0.000537309 2.18752e-06 -0.000537115 2.16618 0.150153 2.15287
0.501169 5.2228 -0.000531114 2.13015e-06 -0.000530929 2.14037 0.151041 2.12727
0.503484 5.24693 -0.000521441 2.19657e-06 -0.000521268 1.84704 0.163074 1.83417
0.505788 5.27094 -0.00051705 2.10689e-06 -0.000516884 1.92729 0.16054 1.91464
0.512639 5.34233 -0.000504491 2.01401e-06 -0.000504339 2.18994 0.165588 2.17746
0.514902 5.36591 -0.000497045 2.01083e-06 -0.000496895 1.99192 0.171825 1.97912
0.517156 5.3894 -0.000491374 1.98659e-06 -0.000491222 1.92806 0.175221 1.91465
