0.009645 0.502564 -8.0168e-06 1.58426e-08 -8.01701e-06 0.100425 0.00182472 0.10045
0.0136401 0.710733 -1.75478e-05 3.33209e-08 -1.75487e-05 0.204412 0.00160196 0.204453
0.0167056 0.870465 -2.8701e-05 6.12117e-08 -2.87034e-05 0.299141 0.00164999 0.299205
0.01929 1.00513 -4.16078e-05 9.56254e-08 -4.16128e-05 0.386514 0.00163521 0.386599
0.0215669 1.12377 -5.64648e-05 1.30272e-07 -5.64739e-05 0.468418 0.00151189 0.468524
0.0236253 1.23102 -7.37875e-05 2.05572e-07 -7.38033e-05 0.548242 0.00167632 0.54837
0.0272802 1.42147 -0.000114974 3.22133e-07 -0.000115012 0.689117 0.00144223 0.689288
0.028935 1.50769 -0.000138749 4.1538e-07 -0.000138805 0.751807 0.00143639 0.751999
0.0305002 1.58925 -0.000163583 5.37376e-07 -0.000163659 0.807747 0.00148523 0.807958
0.0319889 1.66682 -0.000189805 5.73775e-07 -0.000189907 0.860093 0.00129553 0.860323
0.0334113 1.74094 -0.000214794 7.38689e-07 -0.000214922 0.9049 0.00142062 0.905147
0.0347756 1.81202 -0.00024063 8.26209e-07 -0.000240788 0.948442 0.00137139 0.948705
0.0360883 1.88042 -0.00026207 8.88822e-07 -0.000262256 0.983363 0.00133933 0.983644
0.03858 2.01026 -0.000295943 1.09003e-06 -0.000296175 1.04116 0.00147183 1.04148
0.0397674 2.07213 -0.000304413 1.03045e-06 -0.000304656 1.06011 0.00139718 1.06044
0.0409203 2.1322 -0.000312883 1.02123e-06 -0.000313137 1.08035 0.00138779 1.08069
0.0420416 2.19063 -0.000316848 1.05463e-06 -0.000317107 1.0956 0.00147515 1.09596
0.0431338 2.24754 -0.000317971 1.11592e-06 -0.000318228 1.10775 0.00163148 1.10813
0.044199 2.30304 -0.000315987 9.79776e-07 -0.000316236 1.11586 0.00152307 1.11625
0.0452391 2.35724 -0.000310855 9.06876e-07 -0.000311094 1.11899 0.0015261 1.11939
0.0472507 2.46205 -0.000300441 9.42447e-07 -0.000300658 1.1235 0.00185233 1.12393
0.048225 2.51282 -0.000294799 8.1262e-07 -0.000295006 1.12398 0.00172807 1.12442
0.0491801 2.56259 -0.000287672 7.8055e-07 -0.000287866 1.12023 0.00181296 1.12068
0.0501169 2.6114 -0.000280091 8.04807e-07 -0.000280271 1.11385 0.00204783 1.11431
0.0519399 2.70639 -0.000267099 7.41861e-07 -0.000267258 1.10197 0.00222974 1.10245
0.0528279 2.75266 -0.000261464 6.70133e-07 -0.000261614 1.09645 0.00217448 1.09694
0.0545604 2.84293 -0.000250439 6.76094e-07 -0.000250572 1.08215 0.00255086 1.08266
0.0554063 2.88701 -0.000245614 5.80767e-07 -0.000245739 1.07555 0.00234943 1.07605
0.0562395 2.93043 -0.000240619 5.46719e-07 -0.000240738 1.06694 0.00237437 1.06745
0.0570606 2.97321 -0.000234209 5.69268e-07 -0.00023432 1.05019 0.00268634 1.05071
0.05787 3.01538 -0.000230778 4.65803e-07 -0.000230884 1.04585 0.00232869 1.04638
0.0586683 3.05698 -0.000228511 4.87242e-07 -0.000228614 1.04689 0.0025535 1.04744
0.0594558 3.09801 -0.000223319 5.06927e-07 -0.000223418 1.03149 0.00285685 1.03205
0.0610004 3.1785 -0.000217017 4.84837e-07 -0.000217107 1.02005 0.00304582 1.02062
0.0617582 3.21798 -0.000213748 4.42208e-07 -0.000213835 1.01233 0.00293527 1.01291
0.0625068 3.25699 -0.000211053 4.22719e-07 -0.000211137 1.00765 0.00294827 1.00823
0.0632465 3.29553 -0.000208697 4.21117e-07 -0.000208778 1.00481 0.00307536 1.0054
0.0639777 3.33363 -0.000205377 4.04261e-07 -0.000205454 0.99413 0.00311946 0.994723
0.0647006 3.3713 -0.000203208 4.0608e-07 -0.000203282 0.991554 0.00327356 0.992152
0.0654156 3.40856 -0.000201648 4.08829e-07 -0.00020172 0.993717 0.00342134 0.99432
0.0668225 3.48186 -0.000197118 3.98462e-07 -0.000197184 0.985235 0.00364149 0.985834
0.067515 3.51795 -0.000195349 3.36769e-07 -0.000195412 0.984914 0.00319904 0.985511
0.0682005 3.55367 -0.000193418 3.74358e-07 -0.000193478 0.982799 0.0037016 0.983395
0.0688791 3.58903 -0.000192344 3.46379e-07 -0.000192402 0.98913 0.00353262 0.989725
0.0695511 3.62404 -0.00018949 3.29994e-07 -0.000189545 0.976816 0.00353573 0.977409
0.0702167 3.65872 -0.000188296 3.11913e-07 -0.000188349 0.981756 0.00344967 0.982346
0.070876 3.69308 -0.000186876 3.30035e-07 -0.000186927 0.98427 0.00377576 0.984859
0.0721766 3.76085 -0.000183745 3.35921e-07 -0.000183793 0.985683 0.00412251 0.986272
0.0728182 3.79428 -0.000182872 3.4238e-07 -0.000182919 0.994919 0.00431778 0.995512
0.0734542 3.82742 -0.000181225 3.05037e-07 -0.000181271 0.994448 0.00398583 0.995044
0.0740847 3.86027 -0.000180048 2.94407e-07 -0.000180092 1.00004 0.00396466 1.00064
0.0753299 3.92515 -0.00017684 3.03338e-07 -0.000176882 0.999343 0.00437809 0.999952
0.0759448 3.95719 -0.000175553 2.90371e-07 -0.000175594 1.00329 0.00432235 1.00391
0.07716 4.02051 -0.000173045 2.88054e-07 -0.000173084 1.01221 0.00455549 1.01282
0.0777605 4.0518 -0.000171732 2.56326e-07 -0.00017177 1.01571 0.00418029 1.01633
0.0783564 4.08285 -0.000170304 2.72984e-07 -0.000170341 1.01721 0.00459661 1.01782
0.0789477 4.11366 -0.000169324 2.83339e-07 -0.000169359 1.02624 0.00489958 1.02685
0.0795347 4.14425 -0.00016756 2.75851e-07 -0.000167594 1.02153 0.0049438 1.02214
0.0801174 4.17461 -0.000166145 2.56793e-07 -0.000166177 1.02262 0.00474991 1.02322
0.0806959 4.20475 -0.000165125 2.49031e-07 -0.000165156 1.03099 0.00473105 1.03157
0.0818406 4.2644 -0.000162254 2.65135e-07 -0.000162281 1.03142 0.00536611 1.03198
0.0824069 4.29391 -0.00016187 2.64666e-07 -0.000161896 1.05295 0.00545686 1.05349
0.0829695 4.32322 -0.000160219 2.833e-07 -0.000160243 1.04837 0.00604388 1.0489
0.0835282 4.35234 -0.000159382 2.62738e-07 -0.000159405 1.06099 0.00574084 1.06149
0.0840832 4.38125 -0.000158019 2.62371e-07 -0.00015804 1.06207 0.00591004 1.06256
0.0846346 4.40999 -0.000156253 2.48156e-07 -0.000156273 1.05346 0.00579219 1.05392
0.0851824 4.43853 -0.000155446 2.53882e-07 -0.000155465 1.06689 0.00606536 1.06733
0.0862675 4.49507 -0.000152546 2.12746e-07 -0.000152563 1.06222 0.00541312 1.06264
0.086805 4.52308 -0.000151823 2.38849e-07 -0.000151839 1.078 0.00621207 1.07841
0.0873392 4.55091 -0.000150784 2.2834e-07 -0.000150799 1.08574 0.00609528 1.08615
0.0878702 4.57858 -0.000149141 2.17683e-07 -0.000149156 1.07687 0.00601196 1.07727
0.0883979 4.60608 -0.000148051 2.38418e-07 -0.000148065 1.08266 0.00676252 1.08306
0.0889225 4.63341 -0.000147175 2.12945e-07 -0.000147188 1.09454 0.00618495 1.09493
0.0894441 4.66059 -0.000145448 2.07498e-07 -0.000145461 1.08115 0.0062433 1.08153
0.0904781 4.71447 -0.000143459 2.21183e-07 -0.000143471 1.09694 0.00700004 1.09733
0.0909908 4.74118 -0.000142243 2.29161e-07 -0.000142255 1.09756 0.00746089 1.09794
0.0915005 4.76774 -0.000141281 2.23905e-07 -0.000141292 1.10615 0.0074725 1.10653
0.0920075 4.79416 -0.00013983 2.2939e-07 -0.000139841 1.09794 0.00790209 1.09831
0.093013 4.84655 -0.000138086 2.00327e-07 -0.000138095 1.12042 0.00723204 1.12076
0.0935118 4.87254 -0.000136663 1.94655e-07 -0.000136671 1.11129 0.00725163 1.11161
0.0945013 4.9241 -0.000134845 1.89171e-07 -0.000134852 1.13014 0.00739274 1.13041
0.0949923 4.94969 -0.00013312 1.94984e-07 -0.000133126 1.10657 0.00790024 1.10681
0.0954807 4.97513 -0.000132427 1.91613e-07 -0.000132432 1.12391 0.00792612 1.12412
0.0959666 5.00045 -0.000131589 1.99882e-07 -0.000131593 1.13537 0.00845938 1.13556
0.09645 5.02564 -0.000130678 1.89145e-07 -0.000130681 1.14366 0.00819907 1.1438
0.0969311 5.05071 -0.000129683 1.78145e-07 -0.000129685 1.14804 0.00791973 1.14814
0.0974098 5.07565 -0.000128452 1.77095e-07 -0.000128453 1.14124 0.00810426 1.14131
0.0983601 5.12517 -0.00012639 1.8359e-07 -0.00012639 1.14393 0.00884813 1.14393
0.0988319 5.14975 -0.000125343 1.61797e-07 -0.000125342 1.14361 0.00800501 1.14358
0.0993014 5.17422 -0.000124292 1.61616e-07 -0.000124291 1.14247 0.0082093 1.14239
0.0997687 5.19857 -0.000123533 1.66587e-07 -0.000123531 1.15575 0.00864705 1.15564
0.100234 5.22281 -0.000122345 1.56859e-07 -0.000122342 1.14619 0.00837874 1.14604
0.100697 5.24694 -0.000121401 1.77766e-07 -0.000121398 1.14885 0.00973305 1.14867
0.101158 5.27096 -0.000120423 1.7164e-07 -0.00012042 1.14908 0.00963855 1.14889
0.102528 5.34234 -0.000117548 1.67527e-07 -0.000117545 1.14906 0.0101427 1.1489
0.10298 5.36589 -0.000116734 1.59637e-07 -0.000116731 1.15651 0.00988683 1.15635
0.103431 5.38939 -0.000116057 1.68577e-07 -0.000116054 1.17242 0.0106554 1.17224
0.10388 5.41279 -0.000115201 1.56058e-07 -0.000115198 1.17676 0.0100983 1.17657
0.104327 5.43608 -0.000113927 1.61841e-07 -0.000113924 1.15278 0.0108004 1.15257
0.104772 5.45927 -0.000113208 1.53454e-07 -0.000113205 1.16472 0.0104599 1.16449
0.105656 5.50533 -0.000111625 1.47994e-07 -0.000111621 1.17757 0.0105519 1.17731
0.106095 5.5282 -0.000110712 1.36837e-07 -0.000110708 1.17446 0.0100006 1.17418
0.106533 5.55103 -0.000110056 1.21984e-07 -0.000110052 1.18976 0.00909631 1.18946
0.106968 5.57369 -0.000109216 1.50659e-07 -0.000109212 1.19076 0.0115014 1.19044
0.107834 5.61882 -0.00010754 1.45308e-07 -0.000107535 1.19098 0.0116276 1.1906
0.108265 5.64128 -0.000106699 1.58383e-07 -0.000106694 1.18978 0.0129776 1.18939
0.109121 5.68588 -0.000105139 1.42927e-07 -0.000105134 1.1951 0.0122528 1.19467
0.109546 5.70802 -0.000104361 1.42901e-07 -0.000104356 1.1968 0.0125309 1.19637
0.10997 5.73012 -0.00010356 1.37065e-07 -0.000103555 1.19581 0.0123005 1.19536
0.110392 5.7521 -0.000102831 1.26724e-07 -0.000102826 1.20049 0.011623 1.20002
0.110813 5.77404 -0.000102098 1.31255e-07 -0.000102093 1.20427 0.0123054 1.20377
0.111232 5.79587 -0.000101092 1.34159e-07 -0.000101086 1.18098 0.0129267 1.18044
0.111649 5.8176 -0.000100708 1.15068e-07 -0.000100702 1.21689 0.0112558 1.2163
0.112479 5.86085 -9.91608e-05 1.28785e-07 -9.91539e-05 1.21109 0.013188 1.21039
0.112892 5.88237 -9.8586e-05 1.21023e-07 -9.85787e-05 1.22751 0.0126304 1.22674
0.113303 5.90379 -9.76064e-05 1.2431e-07 -9.75987e-05 1.20039 0.0133319 1.19957
0.113713 5.92515 -9.70417e-05 1.22474e-07 -9.70338e-05 1.21667 0.0133847 1.21581
0.114121 5.94641 -9.64629e-05 1.12052e-07 -9.64549e-05 1.23106 0.0124822 1.23017
0.114528 5.96762 -9.5678e-05 1.28136e-07 -9.567e-05 1.22178 0.0146128 1.22087
0.114933 5.98872 -9.5252e-05 1.21172e-07 -9.5244e-05 1.25279 0.0140413 1.25186
0.11574 6.03077 -9.37887e-05 1.14375e-07 -9.37807e-05 1.24218 0.0138631 1.24121
0.116141 6.05166 -9.30545e-05 1.0226e-07 -9.30463e-05 1.23467 0.0126785 1.23366
0.116541 6.07251 -9.2375e-05 1.22136e-07 -9.23667e-05 1.23289 0.0154725 1.23184
0.116939 6.09324 -9.16466e-05 1.12076e-07 -9.16381e-05 1.2236 0.0145234 1.2225
0.117337 6.11398 -9.12244e-05 1.18889e-07 -9.12158e-05 1.25369 0.0156553 1.25255
0.117732 6.13456 -9.05436e-05 1.17937e-07 -9.05349e-05 1.24888 0.0158707 1.24771
0.118127 6.15515 -8.98406e-05 1.02772e-07 -8.98319e-05 1.24014 0.0141417 1.23894
0.118912 6.19605 -8.88649e-05 1.11726e-07 -8.88562e-05 1.27986 0.0159228 1.27861
0.119302 6.21637 -8.81099e-05 1.06131e-07 -8.81012e-05 1.26037 0.0154869 1.25911
0.119691 6.23664 -8.75637e-05 1.10267e-07 -8.75551e-05 1.2702 0.0163982 1.26892
0.120079 6.25686 -8.70119e-05 9.74824e-08 -8.70033e-05 1.27861 0.0147768 1.2773
0.120852 6.29714 -8.59346e-05 1.05857e-07 -8.5926e-05 1.29764 0.0166636 1.29629
0.121236 6.31714 -8.52517e-05 9.81071e-08 -8.52432e-05 1.28283 0.0157919 1.28145
0.122001 6.35701 -8.40961e-05 9.68035e-08 -8.40876e-05 1.28348 0.016216 1.28206
0.122381 6.37681 -8.35145e-05 1.018e-07 -8.3506e-05 1.28139 0.0173993 1.27995
0.122761 6.39661 -8.29999e-05 1.08892e-07 -8.29914e-05 1.29014 0.0189601 1.28866
0.123139 6.4163 -8.24532e-05 1.03718e-07 -8.24447e-05 1.29224 0.0184124 1.29072
0.123516 6.43595 -8.19921e-05 9.66526e-08 -8.19835e-05 1.30883 0.0174581 1.30728
0.123892 6.45554 -8.12521e-05 9.84236e-08 -8.12435e-05 1.27358 0.0182137 1.27199
0.124267 6.47508 -8.08609e-05 1.0062e-07 -8.08522e-05 1.30154 0.0189148 1.29991
0.125014 6.514 -7.99926e-05 9.10938e-08 -7.9984e-05 1.34058 0.0177088 1.33891
0.125385 6.53333 -7.91627e-05 9.55418e-08 -7.91543e-05 1.28065 0.0190777 1.27898
0.125755 6.55261 -7.87828e-05 8.45091e-08 -7.87746e-05 1.30859 0.0171385 1.30693
0.126125 6.57189 -7.84262e-05 9.79892e-08 -7.84181e-05 1.34147 0.0201715 1.33981
0.126493 6.59107 -7.78001e-05 1.03666e-07 -7.77922e-05 1.31758 0.0218116 1.31591
0.12686 6.61019 -7.74185e-05 8.56315e-08 -7.74106e-05 1.34394 0.0183009 1.34225
0.127226 6.62926 -7.69507e-05 8.81024e-08 -7.69427e-05 1.35132 0.0191688 1.34958
0.127955 6.66725 -7.59644e-05 8.5697e-08 -7.59561e-05 1.35192 0.0193529 1.35005
0.128318 6.68616 -7.55726e-05 9.25529e-08 -7.55642e-05 1.37376 0.0212385 1.37183
0.12868 6.70502 -7.51318e-05 8.63839e-08 -7.51233e-05 1.38374 0.0201695 1.38176
