0.048225 0.502564 -0.0001909 3.72784e-07 -0.000190926 0.0940854 0.00189261 0.0942198
0.0682005 0.710733 -0.000390255 7.85922e-07 -0.000390365 0.180896 0.00190899 0.181163
0.0835282 0.870467 -0.000597859 1.25463e-06 -0.000598113 0.268814 0.00194718 0.269208
0.09645 1.00513 -0.0008073 1.71895e-06 -0.00080775 0.351003 0.00195031 0.351515
0.107834 1.12376 -0.00101677 2.23336e-06 -0.00101747 0.430857 0.00199626 0.431482
0.118127 1.23103 -0.00121805 2.60146e-06 -0.00121903 0.504756 0.00194391 0.505491
0.136401 1.42147 -0.00158637 3.553e-06 -0.001588 0.64179 0.00208602 0.642749
0.144675 1.50769 -0.00174166 3.79047e-06 -0.00174362 0.702114 0.00207667 0.703187
0.152501 1.58925 -0.00188562 4.16961e-06 -0.00188789 0.763108 0.0021651 0.764288
0.159944 1.66681 -0.00200279 4.41178e-06 -0.00200531 0.817086 0.00223345 0.818363
0.167056 1.74093 -0.00209554 4.66464e-06 -0.00209825 0.865627 0.00235298 0.866994
0.173878 1.81202 -0.00217545 4.66428e-06 -0.0021783 0.914317 0.00236499 0.915766
0.180441 1.88042 -0.0022338 4.75096e-06 -0.00223672 0.958219 0.00246047 0.959733
0.1929 2.01026 -0.00228259 4.72252e-06 -0.00228548 1.02598 0.00267716 1.02762
0.198837 2.07213 -0.00229339 4.63846e-06 -0.00229621 1.05879 0.0027678 1.06047
0.204601 2.1322 -0.00229388 4.64226e-06 -0.00229661 1.0891 0.00293198 1.09083
0.210208 2.19063 -0.0022765 4.46773e-06 -0.00227912 1.11083 0.00302441 1.1126
0.215669 2.24754 -0.00225828 4.30366e-06 -0.00226079 1.13397 0.00311661 1.1358
0.220995 2.30304 -0.00223282 4.32211e-06 -0.0022352 1.15348 0.00336216 1.15534
0.226195 2.35723 -0.00220391 4.04632e-06 -0.00220617 1.17136 0.00338484 1.17325
0.236253 2.46205 -0.00212404 3.75744e-06 -0.00212605 1.1881 0.00369224 1.19007
0.241125 2.51282 -0.00209372 3.62182e-06 -0.00209564 1.20536 0.00381565 1.20738
0.2459 2.56258 -0.00204979 3.58144e-06 -0.00205159 1.20753 0.00409434 1.20959
0.250585 2.61141 -0.00201137 3.47331e-06 -0.00201307 1.21448 0.00428278 1.21658
0.2597 2.70639 -0.00193093 3.11531e-06 -0.00193241 1.21907 0.00447751 1.22121
0.264139 2.75265 -0.00189288 3.05265e-06 -0.00189426 1.22157 0.00472338 1.22371
0.272802 2.84293 -0.00181658 2.82538e-06 -0.00181773 1.21976 0.00506411 1.22182
0.277032 2.88702 -0.00178241 2.68233e-06 -0.00178345 1.22259 0.00515039 1.22459
0.281198 2.93043 -0.00174742 2.58795e-06 -0.00174835 1.2217 0.00532738 1.22363
0.285303 2.97321 -0.00171164 2.50782e-06 -0.00171247 1.21652 0.00553928 1.21834
0.28935 3.01538 -0.00167807 2.41413e-06 -0.00167879 1.21334 0.00570696 1.21504
0.293341 3.05698 -0.00165291 2.38836e-06 -0.00165354 1.22847 0.00598144 1.23005
0.297279 3.09801 -0.00161579 2.33663e-06 -0.00161633 1.21108 0.00628997 1.21255
0.305002 3.1785 -0.00155743 2.1677e-06 -0.00155784 1.20961 0.00661225 1.21087
0.308791 3.21798 -0.00152235 2.04144e-06 -0.00152272 1.18562 0.00668061 1.18684
0.312534 3.25699 -0.00150174 2.09065e-06 -0.00150209 1.20617 0.00720235 1.20737
0.316233 3.29554 -0.00147108 1.91469e-06 -0.00147141 1.18983 0.00703778 1.19103
0.319889 3.33364 -0.00144424 1.92182e-06 -0.00144455 1.18367 0.00749957 1.18488
0.323503 3.3713 -0.00141784 1.84828e-06 -0.00141814 1.17597 0.00765379 1.17721
0.327078 3.40856 -0.00139178 1.77508e-06 -0.00139207 1.16621 0.0077981 1.16748
0.334113 3.48187 -0.00134743 1.65593e-06 -0.00134769 1.17289 0.00809914 1.17417
0.337575 3.51795 -0.00132441 1.63509e-06 -0.00132466 1.16826 0.00845013 1.16953
0.341002 3.55366 -0.00130109 1.56821e-06 -0.00130131 1.15856 0.00856933 1.15978
0.344395 3.58902 -0.00128061 1.56727e-06 -0.00128081 1.16134 0.00901734 1.16249
0.347756 3.62405 -0.00125855 1.512e-06 -0.00125872 1.15192 0.00918402 1.15295
0.351083 3.65872 -0.00123807 1.51291e-06 -0.00123821 1.14855 0.00967908 1.14946
0.35438 3.69308 -0.00121764 1.40682e-06 -0.00121775 1.14221 0.00948093 1.14295
0.360883 3.76085 -0.00117768 1.36167e-06 -0.00117771 1.12444 0.0101746 1.12468
0.364091 3.79428 -0.0011605 1.4103e-06 -0.00116049 1.13131 0.0110469 1.13124
0.367271 3.82742 -0.00114625 1.31242e-06 -0.0011462 1.15963 0.010723 1.15924
0.370423 3.86027 -0.00112593 1.26254e-06 -0.00112585 1.1353 0.010876 1.13459
0.376649 3.92515 -0.00109135 1.23498e-06 -0.00109121 1.12581 0.0117087 1.12446
0.379724 3.95719 -0.00107813 1.19836e-06 -0.00107796 1.1553 0.0118334 1.15366
0.3858 4.02051 -0.00104303 1.16111e-06 -0.00104284 1.11781 0.012646 1.11574
0.388802 4.0518 -0.00102841 1.13685e-06 -0.00102822 1.12402 0.0129354 1.1218
0.391782 4.08285 -0.00101182 1.09853e-06 -0.00101163 1.10355 0.0131114 1.10124
0.394739 4.11367 -0.000998355 1.09193e-06 -0.000998166 1.11623 0.0135894 1.11387
0.397674 4.14425 -0.000986175 1.08988e-06 -0.000985993 1.14282 0.0141083 1.14047
0.400587 4.17461 -0.00097004 1.03863e-06 -0.000969868 1.11419 0.0141 1.11186
0.403479 4.20475 -0.000958764 1.00755e-06 -0.0009586 1.14759 0.0142044 1.14528
0.409203 4.2644 -0.000933247 9.68598e-07 -0.000933094 1.16474 0.0148238 1.1624
0.412035 4.29391 -0.000919055 9.51453e-07 -0.000918907 1.14495 0.0152231 1.14257
0.414847 4.32322 -0.000904732 9.39362e-07 -0.000904589 1.11672 0.0157216 1.11433
0.417641 4.35234 -0.00089438 9.15602e-07 -0.00089424 1.1508 0.0158926 1.14838
0.420416 4.38125 -0.000881487 8.98072e-07 -0.000881349 1.13715 0.0162616 1.13466
0.423173 4.40999 -0.000869232 9.13572e-07 -0.000869093 1.12973 0.017236 1.1271
0.425912 4.43853 -0.00085761 8.62285e-07 -0.000857467 1.12938 0.0169296 1.12658
0.431338 4.49507 -0.000836109 8.5742e-07 -0.000835957 1.15095 0.0181657 1.14773
0.434025 4.52308 -0.000825972 8.12269e-07 -0.000825815 1.16908 0.0178548 1.16561
0.436696 4.55091 -0.00081399 8.28732e-07 -0.000813826 1.14144 0.0189889 1.13769
0.439351 4.57858 -0.000803372 7.93966e-07 -0.0008032 1.13897 0.0189046 1.13488
0.44199 4.60608 -0.000793889 7.9719e-07 -0.000793707 1.15917 0.0196724 1.15468
0.444613 4.63342 -0.000783902 7.52875e-07 -0.000783711 1.16277 0.0192826 1.15787
0.44722 4.66058 -0.000774183 7.54209e-07 -0.000773983 1.16839 0.0200383 1.16307
0.452391 4.71447 -0.000755706 7.44244e-07 -0.000755489 1.19195 0.0212362 1.18577
0.454954 4.74118 -0.000744608 7.37019e-07 -0.000744385 1.14151 0.0219083 1.1349
0.457503 4.76775 -0.000736585 7.1641e-07 -0.000736356 1.17628 0.0220072 1.16925
0.460037 4.79415 -0.000727823 6.99151e-07 -0.000727591 1.1843 0.0222419 1.17691
0.465065 4.84655 -0.000709619 6.71982e-07 -0.000709387 1.16136 0.0229831 1.15342
0.467559 4.87254 -0.000700842 6.67641e-07 -0.000700613 1.15131 0.0236619 1.14319
0.472507 4.92411 -0.000686051 6.39156e-07 -0.000685828 1.21531 0.0241425 1.20689
0.474961 4.94968 -0.000678123 6.18774e-07 -0.000677904 1.22054 0.0241714 1.21199
0.477403 4.97513 -0.000669866 6.13393e-07 -0.000669651 1.20671 0.0248086 1.19804
0.479833 5.00045 -0.000661481 6.27152e-07 -0.000661272 1.18042 0.0262774 1.17165
0.48225 5.02564 -0.00065556 6.12335e-07 -0.000655354 1.25231 0.0263859 1.24345
0.484655 5.0507 -0.000646392 5.86739e-07 -0.000646192 1.17785 0.026265 1.16892
0.487049 5.07565 -0.000640705 6.01352e-07 -0.00064051 1.25262 0.0276702 1.24363
0.491801 5.12517 -0.000625726 5.92667e-07 -0.000625541 1.2198 0.029152 1.21071
0.494159 5.14975 -0.000618485 5.61916e-07 -0.000618305 1.20421 0.0285621 1.19508
0.496507 5.17422 -0.000611906 5.52643e-07 -0.000611731 1.21584 0.0289711 1.20668
0.498843 5.19856 -0.00060503 5.39359e-07 -0.000604861 1.20534 0.0291934 1.19617
0.501169 5.2228 -0.00059938 5.40824e-07 -0.000599215 1.2558 0.0301057 1.24662
0.503484 5.24693 -0.000592797 5.28865e-07 -0.000592637 1.249 0.0303759 1.23981
0.505788 5.27094 -0.000586372 5.12587e-07 -0.000586216 1.24409 0.0303654 1.23487
0.512639 5.34233 -0.000567932 5.13569e-07 -0.000567787 1.23807 0.0333151 1.22868
0.514902 5.36591 -0.000562557 5.01067e-07 -0.000562414 1.27273 0.0334213 1.26323
0.517156 5.3894 -0.00055668 4.90998e-07 -0.00055654 1.26803 0.0337381 1.2584
0.519399 5.41278 -0.000551519 4.81285e-07 -0.00055138 1.30607 0.0339854 1.29629
0.521633 5.43606 -0.00054562 4.84333e-07 -0.000545483 1.28558 0.0352454 1.27564
0.523858 5.45925 -0.00054138 4.57792e-07 -0.000541244 1.38059 0.0341271 1.37047
0.528279 5.50532 -0.000529938 4.49654e-07 -0.000529805 1.33039 0.0355765 1.31989
0.530475 5.5282 -0.000524279 4.54139e-07 -0.000524148 1.29661 0.037017 1.28589
0.532663 5.55101 -0.000519714 4.45052e-07 -0.000519583 1.34501 0.0372217 1.33405
0.534841 5.5737 -0.0005141 4.44218e-07 -0.00051397 1.29816 0.038279 1.28692
0.539172 5.61884 -0.000505404 4.36658e-07 -0.000505273 1.40324 0.0395671 1.39135
0.541324 5.64126 -0.000500144 4.33356e-07 -0.000500012 1.36329 0.0404193 1.35103
0.545604 5.68587 -0.000490348 4.21956e-07 -0.000490215 1.32441 0.0415948 1.31131
0.547731 5.70803 -0.000485966 3.99689e-07 -0.000485832 1.34353 0.0404273 1.33
0.54985 5.73012 -0.000481829 4.07447e-07 -0.000481694 1.38124 0.0422481 1.36727
0.551961 5.75212 -0.000477638 4.01849e-07 -0.000477503 1.40735 0.0427285 1.39296
0.554063 5.77402 -0.000473015 4.02745e-07 -0.000472879 1.37935 0.0439986 1.36452
0.556158 5.79585 -0.000468511 4.04389e-07 -0.000468375 1.35545 0.0453731 1.34021
0.558245 5.8176 -0.000464217 3.8172e-07 -0.000464081 1.34635 0.0439539 1.33071
0.562395 5.86085 -0.000457235 3.83893e-07 -0.000457099 1.4959 0.0462448 1.4795
0.564459 5.88236 -0.000452514 3.85383e-07 -0.000452379 1.41204 0.0477466 1.39531
0.566516 5.9038 -0.000448034 3.77142e-07 -0.0004479 1.34619 0.0480128 1.32916
0.568565 5.92515 -0.000444498 3.74503e-07 -0.000444365 1.39168 0.0487895 1.37441
0.570606 5.94642 -0.000440922 3.67066e-07 -0.000440791 1.42575 0.0489487 1.40829
0.57264 5.96762 -0.000437102 3.6492e-07 -0.000436973 1.4199 0.0498703 1.40232
0.574667 5.98874 -0.000433912 3.56274e-07 -0.000433785 1.49358 0.0497574 1.4759
0.5787 6.03077 -0.000426545 3.41969e-07 -0.000426424 1.48183 0.0501188 1.4641
0.580706 6.05167 -0.000422862 3.41612e-07 -0.000422744 1.46282 0.0512957 1.44511
0.582705 6.07251 -0.000419009 3.33175e-07 -0.000418894 1.40821 0.0513041 1.39054
0.584697 6.09326 -0.000416135 3.34151e-07 -0.000416023 1.49661 0.0525243 1.47902
0.586683 6.11396 -0.000412202 3.36451e-07 -0.000412093 1.41032 0.0542661 1.3928
0.588661 6.13457 -0.000409289 3.31237e-07 -0.000409183 1.47923 0.0545537 1.46181
0.590633 6.15513 -0.000405748 3.34686e-07 -0.000405645 1.4371 0.0564639 1.41979
0.594558 6.19603 -0.000399765 3.10793e-07 -0.000399668 1.51491 0.0547332 1.4979
0.59651 6.21637 -0.00039604 3.18814e-07 -0.000395947 1.41121 0.0575823 1.3944
0.598457 6.23666 -0.000393561 3.13236e-07 -0.000393471 1.5242 0.0576637 1.50764
0.600397 6.25688 -0.000389908 3.05861e-07 -0.000389822 1.41238 0.0577376 1.39609
0.604258 6.29711 -0.000384474 3.01129e-07 -0.000384394 1.51561 0.0592154 1.4998
0.606179 6.31713 -0.00038225 3.01089e-07 -0.000382172 1.65614 0.0602794 1.6405
0.610004 6.357 -0.000375066 2.99684e-07 -0.000374992 1.35644 0.0631066 1.3409
0.611907 6.37683 -0.000372918 2.9641e-07 -0.000372845 1.49312 0.0635327 1.4775
0.613804 6.3966 -0.000370681 2.92214e-07 -0.000370609 1.60712 0.063785 1.59135
0.615696 6.41631 -0.000368067 2.87818e-07 -0.000367995 1.63316 0.0641146 1.61719
0.617582 6.43597 -0.000365106 2.93614e-07 -0.000365035 1.57275 0.0668786 1.55653
0.619462 6.45556 -0.000362414 2.85666e-07 -0.000362343 1.56322 0.0664413 1.54672
0.621336 6.47509 -0.000359236 2.82275e-07 -0.000359165 1.42884 0.0672245 1.41204
0.625068 6.51398 -0.000354714 2.78921e-07 -0.000354643 1.57108 0.0689514 1.55356
0.626925 6.53333 -0.000352747 2.73643e-07 -0.000352676 1.70694 0.0688104 1.68903
0.628777 6.55263 -0.000349515 2.73984e-07 -0.000349444 1.51451 0.0705917 1.49618
0.630624 6.57188 -0.000347533 2.75031e-07 -0.000347462 1.6335 0.0720938 1.61477
0.632465 6.59107 -0.00034474 2.67737e-07 -0.000344669 1.53111 0.0717409 1.51198
0.634301 6.6102 -0.000342926 2.65793e-07 -0.000342854 1.68275 0.0723946 1.66324
0.636132 6.62928 -0.000340005 2.69893e-07 -0.000339934 1.52421 0.075212 1.50433
0.639777 6.66727 -0.000336126 2.58615e-07 -0.000336055 1.72767 0.07459 1.70712
0.641592 6.68618 -0.000334018 2.54505e-07 -0.000333947 1.77225 0.0747565 1.75139
0.643402 6.70504 -0.000331144 2.50512e-07 -0.000331074 1.5802 0.0752893 1.55905
0.645207 6.72385 -0.000328959 2.49243e-07 -0.000328889 1.58217 0.076333 1.56074
0.647006 6.7426 -0.000327166 2.48971e-07 -0.000327096 1.69711 0.0775184 1.67545
0.648801 6.76131 -0.000324724 2.47216e-07 -0.000324655 1.60208 0.078568 1.58022
0.650591 6.77996 -0.00032281 2.50524e-07 -0.000322742 1.66529 0.0810111 1.64332
0.654156 6.81711 -0.000318808 2.46152e-07 -0.000318743 1.71346 0.082504 1.69158
0.655931 6.83561 -0.000316872 2.40735e-07 -0.000316808 1.74728 0.0821208 1.72561
0.657701 6.85406 -0.000314524 2.43244e-07 -0.000314463 1.63074 0.084674 1.60936
0.659467 6.87246 -0.000312515 2.37382e-07 -0.000312456 1.62097 0.0841485 1.5999
0.662984 6.90911 -0.00030889 2.30744e-07 -0.000308834 1.71682 0.0846207 1.69634
0.664736 6.92737 -0.000306937 2.32214e-07 -0.000306883 1.7018 0.0867024 1.6815
0.668225 6.96373 -0.000303728 2.31528e-07 -0.000303676 1.91096 0.0892109 1.89084
0.669963 6.98184 -0.00030125 2.34515e-07 -0.000301199 1.66464 0.0923327 1.64452
0.671697 6.99991 -0.000299677 2.27662e-07 -0.000299627 1.76289 0.091047 1.74273
0.673426 7.01793 -0.000297793 2.30847e-07 -0.000297743 1.72847 0.0939747 1.70823
0.67515 7.0359 -0.000296155 2.22515e-07 -0.000296106 1.78603 0.0920567 1.76566
0.67687 7.05382 -0.000294435 2.18006e-07 -0.000294386 1.80197 0.0917138 1.78142
0.678586 7.0717 -0.000292584 2.18332e-07 -0.000292535 1.75375 0.0934892 1.73291
0.682005 7.10733 -0.000289277 2.2105e-07 -0.000289228 1.80056 0.0978082 1.77879
0.683708 7.12508 -0.000287523 2.16611e-07 -0.000287473 1.76628 0.097503 1.74378
0.685406 7.14278 -0.000285709 2.17282e-07 -0.000285658 1.6943 0.0995444 1.67086
