0.03215 0.502564 -8.8142e-05 7.68073e-08 -8.81506e-05 0.0914572 0.000813025 0.0915484
0.045467 0.710733 -0.000188632 1.69015e-07 -0.000188672 0.178539 0.000781076 0.178725
0.0556854 0.870466 -0.000304045 3.06203e-07 -0.000304145 0.266476 0.00081681 0.266744
0.0643 1.00513 -0.000436133 4.7123e-07 -0.000436336 0.352605 0.000814335 0.352956
0.0718896 1.12377 -0.000585216 6.72001e-07 -0.000585579 0.434741 0.000805974 0.435177
0.0787511 1.23103 -0.00075223 8.56527e-07 -0.000752823 0.513602 0.000745862 0.514119
0.090934 1.42147 -0.00114279 1.43481e-06 -0.00114409 0.663569 0.000721301 0.664223
0.09645 1.50769 -0.00136294 1.83466e-06 -0.00136474 0.733926 0.000729206 0.734641
0.101667 1.58924 -0.00158969 2.20527e-06 -0.00159207 0.799375 0.000715628 0.800149
0.10663 1.66682 -0.00181706 2.60395e-06 -0.0018201 0.860685 0.000711199 0.861516
0.111371 1.74094 -0.00202818 2.87733e-06 -0.00203189 0.916008 0.000687897 0.916896
0.115919 1.81203 -0.00222934 3.39888e-06 -0.0022337 0.969375 0.000728426 0.970312
0.120294 1.88042 -0.00239811 3.79113e-06 -0.00240298 1.01758 0.000756043 1.01856
0.1286 2.01026 -0.00262897 3.99405e-06 -0.00263428 1.1023 0.000757463 1.10331
0.132558 2.07213 -0.00266212 3.91612e-06 -0.00266722 1.13421 0.000769733 1.13521
0.136401 2.1322 -0.0026663 4.2746e-06 -0.00267106 1.16356 0.000887061 1.16455
0.140139 2.19063 -0.00263609 3.75118e-06 -0.00264035 1.18828 0.000840917 1.18924
0.143779 2.24753 -0.00257942 3.79656e-06 -0.00258312 1.20867 0.000936014 1.20958
0.14733 2.30304 -0.00251285 3.37707e-06 -0.00251601 1.22746 0.000921484 1.22832
0.150797 2.35724 -0.002424 3.18976e-06 -0.00242662 1.23996 0.000980235 1.24077
0.157502 2.46205 -0.002234 2.81829e-06 -0.00223582 1.25614 0.00111295 1.25686
0.16075 2.51282 -0.00213639 3.00524e-06 -0.00213795 1.25916 0.001352 1.25986
0.163934 2.56259 -0.00204428 2.58363e-06 -0.0020456 1.26106 0.00132044 1.26174
0.167056 2.61139 -0.00194827 2.2979e-06 -0.00194937 1.25649 0.00134294 1.25713
0.173133 2.70639 -0.00178553 2.0849e-06 -0.00178621 1.25042 0.00155873 1.25092
0.176093 2.75266 -0.00170856 1.95862e-06 -0.00170903 1.24302 0.00165472 1.24341
0.181868 2.84293 -0.0015698 1.7322e-06 -0.00156985 1.22474 0.00185005 1.22479
0.184688 2.88702 -0.00150857 1.62693e-06 -0.00150843 1.2156 0.00194082 1.21543
0.187465 2.93043 -0.00145044 1.55625e-06 -0.00145014 1.20455 0.00206962 1.20414
0.190202 2.97321 -0.00139592 1.47986e-06 -0.00139549 1.19251 0.0021877 1.19187
0.1929 3.01538 -0.00134905 1.38066e-06 -0.00134853 1.18657 0.00224812 1.18573
0.195561 3.05698 -0.00130035 1.29679e-06 -0.0012998 1.17237 0.00233599 1.17138
0.198186 3.09801 -0.00125944 1.23043e-06 -0.00125888 1.16692 0.00242675 1.16581
0.203335 3.1785 -0.0011846 1.13572e-06 -0.00118407 1.15723 0.00266521 1.15599
0.205861 3.21799 -0.0011497 1.11298e-06 -0.0011492 1.1516 0.00284207 1.15031
0.208356 3.25699 -0.00111616 1.03158e-06 -0.00111567 1.14481 0.00286308 1.14346
0.210822 3.29554 -0.00108398 1.0125e-06 -0.00108351 1.13711 0.00305036 1.13568
0.213259 3.33363 -0.00105665 9.5322e-07 -0.00105618 1.13988 0.00309259 1.13834
0.215669 3.37131 -0.00102851 8.8912e-07 -0.00102803 1.13626 0.00311397 1.13458
0.218052 3.40856 -0.00100373 8.82615e-07 -0.00100323 1.14061 0.00331803 1.13874
0.222742 3.48187 -0.000955187 9.02538e-07 -0.000954645 1.14258 0.00390999 1.14023
0.22505 3.51795 -0.000932096 8.40264e-07 -0.000931527 1.14258 0.00390277 1.13994
0.227335 3.55367 -0.000909726 7.84525e-07 -0.000909131 1.14172 0.0039037 1.13877
0.229597 3.58903 -0.00089146 7.23764e-07 -0.00089084 1.15796 0.00382578 1.15469
0.231837 3.62404 -0.000872114 7.30185e-07 -0.000871481 1.16569 0.00411219 1.16213
0.234056 3.65873 -0.000852345 7.30924e-07 -0.000851712 1.1672 0.00439255 1.16339
0.236253 3.69307 -0.00083506 7.20555e-07 -0.000834431 1.17985 0.00459654 1.17584
0.240589 3.76085 -0.000802423 6.59733e-07 -0.000801819 1.20872 0.00472669 1.2044
0.242727 3.79427 -0.000785977 6.28937e-07 -0.000785392 1.21707 0.00478036 1.21263
0.244847 3.82741 -0.000770334 5.92119e-07 -0.000769772 1.22772 0.00476721 1.2232
0.246949 3.86027 -0.000755052 6.05412e-07 -0.000754514 1.23741 0.00516085 1.23283
0.2511 3.92516 -0.000728426 5.80924e-07 -0.000727928 1.28072 0.0055008 1.27601
0.253149 3.95719 -0.000714241 5.60388e-07 -0.000713764 1.28883 0.00560947 1.28407
0.2572 4.02051 -0.000689526 5.25552e-07 -0.000689089 1.33089 0.00582636 1.32605
0.259202 4.05181 -0.00067689 5.2358e-07 -0.000676471 1.34324 0.00611718 1.33834
0.261188 4.08285 -0.000665065 4.84695e-07 -0.000664659 1.36082 0.00595617 1.35583
0.263159 4.11366 -0.000652716 5.02729e-07 -0.000652322 1.36745 0.00651083 1.36235
0.265116 4.14425 -0.000642142 4.97748e-07 -0.000641759 1.39288 0.0067597 1.38767
0.267058 4.17461 -0.000631614 5.08728e-07 -0.000631241 1.41534 0.00724597 1.41003
0.268986 4.20475 -0.000620335 4.96916e-07 -0.000619971 1.42261 0.00744371 1.41716
0.272802 4.2644 -0.000600209 4.67969e-07 -0.00059985 1.45983 0.00770224 1.45394
0.27469 4.29391 -0.00059102 4.5342e-07 -0.000590661 1.48651 0.00780369 1.48034
0.276565 4.32322 -0.000581767 4.38602e-07 -0.000581409 1.50812 0.00789754 1.50168
0.278427 4.35233 -0.000572157 4.28598e-07 -0.000571801 1.51849 0.00808673 1.51178
0.280277 4.38125 -0.000562784 4.43949e-07 -0.000562432 1.52798 0.0087732 1.52102
0.282115 4.40998 -0.000555587 4.00896e-07 -0.000555236 1.57653 0.00823605 1.56933
0.283941 4.43852 -0.000545717 3.9248e-07 -0.000545373 1.56539 0.00846597 1.55796
0.287558 4.49506 -0.000529237 3.94352e-07 -0.000528904 1.59561 0.00927623 1.58778
0.28935 4.52308 -0.000521625 3.98627e-07 -0.000521298 1.61792 0.00977309 1.60992
0.291131 4.55092 -0.000514115 3.85673e-07 -0.000513797 1.63803 0.00985379 1.6299
0.292901 4.57859 -0.000506592 3.93713e-07 -0.000506284 1.65267 0.0104863 1.64448
0.29466 4.60608 -0.000499459 3.6054e-07 -0.000499163 1.67251 0.00999773 1.66432
0.296408 4.63341 -0.000491881 3.75335e-07 -0.000491599 1.67426 0.0108584 1.66612
0.298147 4.66059 -0.000485117 3.55285e-07 -0.000484849 1.69392 0.0106909 1.68587
0.301594 4.71447 -0.00047154 3.46224e-07 -0.000471301 1.71526 0.0112823 1.70748
0.303303 4.74119 -0.000464767 3.46663e-07 -0.000464541 1.71727 0.0117599 1.7096
0.305002 4.76775 -0.000459428 3.38688e-07 -0.000459212 1.76288 0.0118896 1.75531
0.306692 4.79416 -0.000453396 3.26337e-07 -0.00045319 1.77994 0.0118933 1.77243
0.310043 4.84655 -0.000441148 3.16704e-07 -0.000440956 1.78937 0.0124594 1.78183
0.311706 4.87254 -0.000435802 2.99888e-07 -0.000435615 1.81603 0.012219 1.8084
0.315004 4.9241 -0.000424583 2.89721e-07 -0.000424402 1.83077 0.0127013 1.82281
0.316641 4.94969 -0.000419345 2.90824e-07 -0.000419165 1.84541 0.0132064 1.83724
0.318269 4.97513 -0.000414333 2.96833e-07 -0.000414154 1.86474 0.0139498 1.85634
0.319889 5.00046 -0.000408911 2.69886e-07 -0.000408734 1.85867 0.0131549 1.85002
0.3215 5.02564 -0.000404017 2.67993e-07 -0.000403841 1.87169 0.0135162 1.86281
0.323104 5.05071 -0.000399457 2.82145e-07 -0.000399283 1.89636 0.0147023 1.88728
0.324699 5.07565 -0.000394526 2.64667e-07 -0.000394355 1.8957 0.0142783 1.88648
0.327867 5.12517 -0.000385459 2.71804e-07 -0.000385298 1.91939 0.015662 1.9101
0.32944 5.14976 -0.000380803 2.53466e-07 -0.000380647 1.9148 0.0151084 1.90553
0.331005 5.17422 -0.000376348 2.69242e-07 -0.000376198 1.91539 0.016587 1.90615
0.332562 5.19856 -0.000372397 2.63365e-07 -0.000372252 1.94106 0.0167271 1.93184
0.334113 5.22281 -0.000368117 2.63998e-07 -0.000367976 1.94021 0.0173196 1.93099
0.335656 5.24693 -0.000364104 2.50786e-07 -0.000363968 1.95051 0.0169729 1.94132
0.337192 5.27094 -0.000360097 2.40157e-07 -0.000359966 1.95518 0.0167694 1.94602
0.341759 5.34233 -0.000348982 2.26247e-07 -0.000348862 1.99844 0.0172785 1.98928
0.343268 5.36591 -0.000345648 2.45542e-07 -0.000345529 2.03019 0.0192847 2.02087
0.34477 5.38939 -0.000341991 2.35469e-07 -0.000341872 2.03103 0.0190571 2.02137
0.346266 5.41278 -0.000338404 2.17162e-07 -0.000338282 2.0311 0.0181066 2.02092
