0.01929 0.502564 -3.12057e-05 1.40947e-08 -3.12073e-05 0.0987657 0.000428547 0.0988145
0.0272802 0.710733 -6.55884e-05 3.05638e-08 -6.55937e-05 0.193337 0.000420696 0.19341
0.0334113 0.870468 -0.000102933 5.03369e-08 -0.000102948 0.282818 0.000421917 0.282943
0.03858 1.00513 -0.000143022 7.03722e-08 -0.000143052 0.368217 0.000407313 0.36839
0.0431338 1.12377 -0.000185071 9.87418e-08 -0.000185121 0.447889 0.000426594 0.448105
0.0472507 1.23103 -0.000228771 1.2121e-07 -0.000228846 0.523771 0.000411205 0.524027
0.0545604 1.42147 -0.000316115 1.71178e-07 -0.000316256 0.659044 0.00040543 0.659379
0.05787 1.50769 -0.000357883 2.04979e-07 -0.000358063 0.719319 0.000426076 0.719694
0.0610004 1.58925 -0.000397237 2.08877e-07 -0.000397459 0.775149 0.000391527 0.775565
0.0639777 1.66682 -0.000432859 2.43455e-07 -0.000433121 0.825737 0.000422715 0.826193
0.0668225 1.74093 -0.000464768 2.72835e-07 -0.00046507 0.872412 0.000448228 0.872908
0.0695511 1.81202 -0.000491404 2.7545e-07 -0.00049174 0.913398 0.0004385 0.913933
0.0721766 1.88042 -0.000513185 2.8976e-07 -0.000513549 0.949844 0.000455468 0.950416
0.07716 2.01026 -0.000544516 3.0192e-07 -0.000544915 1.01269 0.000481736 1.01333
0.0795347 2.07212 -0.000554182 3.04397e-07 -0.000554589 1.03869 0.000498197 1.03936
0.0818406 2.1322 -0.00056032 3.07565e-07 -0.00056073 1.0612 0.000521383 1.0619
0.0840832 2.19063 -0.00056327 2.92744e-07 -0.000563679 1.08018 0.000518362 1.08091
0.0862675 2.24753 -0.000563108 2.98705e-07 -0.000563511 1.09505 0.000557086 1.0958
0.0883979 2.30304 -0.000561976 2.93736e-07 -0.000562371 1.10917 0.000577544 1.10994
0.0904781 2.35723 -0.000558418 2.68534e-07 -0.000558803 1.11922 0.00056022 1.12002
0.0945013 2.46205 -0.000548311 2.55268e-07 -0.000548671 1.13361 0.000602612 1.13446
0.09645 2.51282 -0.000543157 2.49829e-07 -0.000543505 1.14061 0.000626081 1.14148
0.0983601 2.56258 -0.000535787 2.45085e-07 -0.000536121 1.14166 0.000656476 1.14255
0.100234 2.61141 -0.000528555 2.36384e-07 -0.000528875 1.14231 0.000675666 1.14322
0.10388 2.70639 -0.000514838 2.22243e-07 -0.000515133 1.1435 0.00071919 1.14446
0.105656 2.75267 -0.000506959 2.17454e-07 -0.000507241 1.1394 0.000750788 1.14037
0.109121 2.84294 -0.000493123 2.01676e-07 -0.000493381 1.13456 0.000785048 1.13557
0.110813 2.88702 -0.000486105 1.91471e-07 -0.000486352 1.13014 0.000790994 1.13116
0.112479 2.93043 -0.000479558 2.02694e-07 -0.000479794 1.12654 0.000886471 1.12757
0.114121 2.9732 -0.000473292 1.82404e-07 -0.000473518 1.12316 0.000843107 1.12421
0.11574 3.01538 -0.000466749 1.89233e-07 -0.000466966 1.1174 0.000925089 1.11847
0.117337 3.05699 -0.000460876 1.64194e-07 -0.000461086 1.11385 0.000846162 1.11493
0.118912 3.09802 -0.000454748 1.6856e-07 -0.000454951 1.10791 0.000916361 1.10901
0.122001 3.1785 -0.000443567 1.61381e-07 -0.000443754 1.09875 0.000970699 1.09987
0.123516 3.21797 -0.000438314 1.64967e-07 -0.000438495 1.09474 0.00104161 1.09589
0.125014 3.257 -0.000433031 1.54533e-07 -0.000433207 1.08964 0.00102409 1.09081
0.126493 3.29553 -0.000428087 1.47507e-07 -0.000428256 1.08582 0.00102407 1.087
0.127955 3.33362 -0.000423392 1.55837e-07 -0.000423554 1.08293 0.00113177 1.08411
0.129401 3.3713 -0.000418406 1.36545e-07 -0.000418561 1.07705 0.00103854 1.07823
0.130831 3.40855 -0.000413689 1.44806e-07 -0.000413838 1.07226 0.00115169 1.07345
0.133645 3.48186 -0.000405109 1.39222e-07 -0.000405248 1.06723 0.00120493 1.06843
0.13503 3.51795 -0.000400607 1.31915e-07 -0.00040074 1.06169 0.00119184 1.06289
0.136401 3.55367 -0.000396431 1.28922e-07 -0.000396559 1.05824 0.00121377 1.05945
0.137758 3.58902 -0.000392775 1.19479e-07 -0.000392898 1.05909 0.00116884 1.06029
0.139102 3.62404 -0.000388648 1.30744e-07 -0.000388767 1.05471 0.00133199 1.05592
0.140433 3.65871 -0.000384603 1.25711e-07 -0.000384717 1.05031 0.00133297 1.05152
0.141752 3.69308 -0.0003812 1.22043e-07 -0.00038131 1.05213 0.00134216 1.05334
0.144353 3.76084 -0.000373887 1.1356e-07 -0.00037399 1.04856 0.00134632 1.04978
0.145636 3.79427 -0.000370452 1.19709e-07 -0.000370552 1.04848 0.00147149 1.04971
0.146908 3.82741 -0.000366893 1.24249e-07 -0.000366989 1.04625 0.00158441 1.04747
0.148169 3.86026 -0.000363651 1.15664e-07 -0.000363742 1.04748 0.00152727 1.04869
0.15066 3.92516 -0.000356883 1.09506e-07 -0.000356967 1.04451 0.00155227 1.0457
0.15189 3.9572 -0.000353664 1.06623e-07 -0.000353745 1.04441 0.0015643 1.04561
0.15432 4.02051 -0.000347207 1.04457e-07 -0.000347284 1.04206 0.00164136 1.04327
0.155521 4.0518 -0.000344138 1.11159e-07 -0.000344211 1.04242 0.00180577 1.0436
0.156713 4.08286 -0.000341272 9.77941e-08 -0.00034134 1.04557 0.00164036 1.04672
0.157895 4.11365 -0.000338346 9.69057e-08 -0.00033841 1.04723 0.00167876 1.04834
0.159069 4.14424 -0.000335315 9.53283e-08 -0.000335375 1.04651 0.00170656 1.04759
0.160235 4.17462 -0.000332575 9.79596e-08 -0.000332633 1.05053 0.00180893 1.05159
0.161392 4.20476 -0.00032948 9.60159e-08 -0.000329535 1.04731 0.00183271 1.04836
0.163681 4.2644 -0.000323933 9.64164e-08 -0.000323984 1.0512 0.00195835 1.05222
0.164814 4.29391 -0.000321137 9.00652e-08 -0.000321186 1.05181 0.00188722 1.05283
0.165939 4.32322 -0.000318131 9.25385e-08 -0.000318178 1.04718 0.00200295 1.04819
0.167056 4.35232 -0.000315725 9.26204e-08 -0.00031577 1.05488 0.0020629 1.05589
0.168166 4.38124 -0.000313043 8.59199e-08 -0.000313087 1.05602 0.00197256 1.05703
0.169269 4.40998 -0.000310619 8.49939e-08 -0.000310661 1.06257 0.00200798 1.06356
0.170365 4.43853 -0.000307848 8.74111e-08 -0.000307888 1.0603 0.00212977 1.06127
0.172535 4.49507 -0.000302625 8.67337e-08 -0.000302662 1.06112 0.00224293 1.06207
0.17361 4.52308 -0.00030029 8.55788e-08 -0.000300325 1.0677 0.00227574 1.06865
0.174678 4.5509 -0.000297732 8.24932e-08 -0.000297766 1.06774 0.00225909 1.06867
0.17574 4.57857 -0.000295148 7.95034e-08 -0.00029518 1.06622 0.00224256 1.06712
0.176796 4.60608 -0.000292886 8.0678e-08 -0.000292916 1.07312 0.00233886 1.07398
0.177845 4.63341 -0.000290422 7.48086e-08 -0.000290449 1.07344 0.00223195 1.07426
0.178888 4.66058 -0.000288055 8.06846e-08 -0.00028808 1.07592 0.00247581 1.07669
0.180956 4.71446 -0.000283307 7.83908e-08 -0.000283328 1.0781 0.00254462 1.07878
0.181982 4.74119 -0.000281002 7.80137e-08 -0.000281021 1.08025 0.0026034 1.08088
0.183001 4.76774 -0.00027882 7.06541e-08 -0.000278837 1.0857 0.00242177 1.08628
0.184015 4.79416 -0.00027654 7.53706e-08 -0.000276555 1.0871 0.00265543 1.08763
0.186026 4.84655 -0.000271931 7.60393e-08 -0.000271944 1.08534 0.0028315 1.08581
0.187024 4.87255 -0.000269849 7.48928e-08 -0.000269861 1.09143 0.00286249 1.0919
0.189003 4.92411 -0.000265683 7.40166e-08 -0.000265694 1.10137 0.00298053 1.1018
0.189985 4.9497 -0.000263421 6.78428e-08 -0.000263431 1.09776 0.00280801 1.09816
0.190961 4.97512 -0.000261298 6.89471e-08 -0.000261307 1.09871 0.00293017 1.09909
0.191933 5.00045 -0.000259354 6.88441e-08 -0.000259362 1.10654 0.00300015 1.10689
0.1929 5.02564 -0.000257176 6.46583e-08 -0.000257183 1.10322 0.00289464 1.10353
0.193862 5.0507 -0.000255248 6.7179e-08 -0.000255254 1.11008 0.00308364 1.11036
0.19482 5.07566 -0.000253066 6.36157e-08 -0.000253071 1.1043 0.00300011 1.10454
0.19672 5.12516 -0.000249213 5.85259e-08 -0.000249217 1.11352 0.00290188 1.11371
0.197664 5.14976 -0.00024732 6.17217e-08 -0.000247323 1.11852 0.00313729 1.11867
0.198603 5.17422 -0.000245464 6.39169e-08 -0.000245466 1.12446 0.00332962 1.12457
0.199537 5.19856 -0.00024344 6.22276e-08 -0.000243441 1.12048 0.00332685 1.12053
0.200468 5.22281 -0.000241473 6.35613e-08 -0.000241473 1.11835 0.00348607 1.11834
0.201394 5.24694 -0.00023972 6.14095e-08 -0.000239718 1.12678 0.00344919 1.1267
0.202315 5.27093 -0.000237897 6.1882e-08 -0.000237894 1.13034 0.00356159 1.13017
0.205056 5.34234 -0.000232369 6.47599e-08 -0.000232363 1.13094 0.00401335 1.13059
0.205961 5.36592 -0.000230574 6.0858e-08 -0.000230568 1.13154 0.00386438 1.13118
0.206862 5.38939 -0.000228976 5.48156e-08 -0.000228971 1.14372 0.00356037 1.14338
0.20776 5.41279 -0.000227191 5.69546e-08 -0.000227187 1.14282 0.00379032 1.14253
