0.048225 0.502564 -0.000196408 7.88938e-07 -0.000196437 0.0947004 0.00378382 0.0948371
0.0682005 0.710733 -0.000411789 1.69782e-06 -0.000411913 0.177105 0.00370379 0.177376
0.0835282 0.870467 -0.000651966 2.85489e-06 -0.000652273 0.265504 0.00372552 0.265905
0.09645 1.00513 -0.000913485 4.21944e-06 -0.000914079 0.350096 0.00373837 0.350623
0.107834 1.12376 -0.0011884 5.67098e-06 -0.0011894 0.427605 0.0037094 0.428258
0.118127 1.23103 -0.00148046 7.04256e-06 -0.001482 0.504462 0.0035606 0.505243
0.136401 1.42147 -0.00209575 1.08031e-05 -0.00209873 0.652607 0.00363129 0.653609
0.144675 1.50769 -0.00241994 1.31275e-05 -0.00242377 0.727318 0.003722 0.728405
0.152501 1.58925 -0.00270667 1.45264e-05 -0.00271126 0.791432 0.00365722 0.792589
0.159944 1.66681 -0.00292575 1.58258e-05 -0.0029309 0.842127 0.0037505 0.843349
0.167056 1.74093 -0.00317965 1.78224e-05 -0.0031855 0.905547 0.00390054 0.906831
0.173878 1.81202 -0.00339066 1.83309e-05 -0.00339709 0.96396 0.00382163 0.965302
0.180441 1.88042 -0.00357049 1.99475e-05 -0.00357738 1.02099 0.00403849 1.02239
0.1929 2.01026 -0.00370632 2.06492e-05 -0.00371331 1.10541 0.00443441 1.10691
0.198837 2.07213 -0.00367558 2.04232e-05 -0.00368223 1.13323 0.004739 1.13478
0.204601 2.1322 -0.0036387 1.92305e-05 -0.00364496 1.16276 0.00482182 1.16433
0.210208 2.19063 -0.00359335 1.84268e-05 -0.00359914 1.19313 0.00500197 1.1947
0.215669 2.24754 -0.00352888 1.83052e-05 -0.00353413 1.22076 0.00542469 1.22232
0.220995 2.30304 -0.00341163 1.82405e-05 -0.00341616 1.23309 0.00607457 1.2346
0.226195 2.35723 -0.00334933 1.66782e-05 -0.00335324 1.26409 0.00603915 1.2655
0.236253 2.46205 -0.00311009 1.53737e-05 -0.00311252 1.28154 0.00704854 1.28265
0.241125 2.51282 -0.00301128 1.44467e-05 -0.00301308 1.29605 0.00736244 1.29697
0.2459 2.56258 -0.0028757 1.33818e-05 -0.0028769 1.28751 0.00777987 1.28821
0.250585 2.61141 -0.00279498 1.2996e-05 -0.00279572 1.3068 0.0083085 1.30728
0.2597 2.70639 -0.0025619 1.12855e-05 -0.00256209 1.28459 0.00922712 1.28475
0.264139 2.75265 -0.0024643 1.09523e-05 -0.00246442 1.27791 0.0100122 1.27802
0.272802 2.84293 -0.00228582 9.69923e-06 -0.00228588 1.26132 0.010993 1.26139
0.277032 2.88702 -0.00221529 9.27507e-06 -0.00221535 1.26545 0.011542 1.26553
0.281198 2.93043 -0.00215467 8.65744e-06 -0.00215472 1.27866 0.0117334 1.27873
0.285303 2.97321 -0.00207656 8.4745e-06 -0.00207657 1.26297 0.0127299 1.26298
0.28935 3.01538 -0.00200699 8.06106e-06 -0.00200692 1.25264 0.0133343 1.25253
0.293341 3.05698 -0.0019248 7.48141e-06 -0.00192464 1.21161 0.0138299 1.21132
0.297279 3.09801 -0.00187217 7.7773e-06 -0.0018719 1.21662 0.0156093 1.21607
0.305002 3.1785 -0.00176339 6.789e-06 -0.00176283 1.20393 0.0161726 1.20259
0.308791 3.21798 -0.00171098 6.46526e-06 -0.00171027 1.19246 0.0167717 1.19062
0.312534 3.25699 -0.00167168 6.22296e-06 -0.00167083 1.21013 0.0173268 1.20776
0.316233 3.29554 -0.00162183 6.19759e-06 -0.00162087 1.19315 0.0187729 1.19025
0.319889 3.33364 -0.00158543 5.80911e-06 -0.00158439 1.21131 0.018844 1.20794
0.323503 3.3713 -0.00153338 5.54185e-06 -0.00153232 1.17134 0.0196563 1.16758
0.327078 3.40856 -0.00150052 5.45422e-06 -0.00149945 1.1918 0.020652 1.18775
0.334113 3.48187 -0.00141628 5.14387e-06 -0.00141529 1.14162 0.0228127 1.13723
0.337575 3.51795 -0.00139458 4.79671e-06 -0.00139362 1.19728 0.0223968 1.19278
0.341002 3.55366 -0.00136575 4.87774e-06 -0.00136483 1.2183 0.0242307 1.21372
0.344395 3.58902 -0.00132231 4.68571e-06 -0.00132145 1.15745 0.0253266 1.1528
0.347756 3.62405 -0.00130267 4.59429e-06 -0.00130184 1.21744 0.0260881 1.21274
0.351083 3.65872 -0.00126628 4.38615e-06 -0.00126551 1.17661 0.0268635 1.17187
0.35438 3.69308 -0.00123989 4.25993e-06 -0.00123915 1.18809 0.0277257 1.18329
0.360883 3.76085 -0.00119023 4.03901e-06 -0.00118954 1.21615 0.0295828 1.21106
0.364091 3.79428 -0.00115973 3.90016e-06 -0.00115905 1.17722 0.0306258 1.17191
0.367271 3.82742 -0.00114284 3.84849e-06 -0.00114216 1.23866 0.0316665 1.2331
0.370423 3.86027 -0.00112009 3.74481e-06 -0.00111942 1.24858 0.0326309 1.24273
0.376649 3.92515 -0.001075 3.6044e-06 -0.00107433 1.25147 0.0352551 1.24494
0.379724 3.95719 -0.00105134 3.38957e-06 -0.00105067 1.22933 0.0352321 1.2224
0.3858 4.02051 -0.00101571 3.27869e-06 -0.00101503 1.28681 0.0376927 1.27899
0.388802 4.0518 -0.000998065 3.15337e-06 -0.00099738 1.30968 0.038133 1.3014
0.391782 4.08285 -0.000978635 3.10835e-06 -0.000977952 1.30392 0.0396985 1.2952
0.394739 4.11367 -0.000961552 2.96969e-06 -0.000960871 1.3204 0.0398833 1.31127
0.397674 4.14425 -0.000949405 3.10561e-06 -0.000948725 1.39929 0.0434221 1.38979
0.400587 4.17461 -0.00092626 2.90037e-06 -0.000925599 1.31509 0.0432306 1.30524
0.403479 4.20475 -0.00091465 2.86411e-06 -0.000913994 1.3926 0.0444155 1.38243
0.409203 4.2644 -0.000878862 2.6757e-06 -0.000878239 1.3285 0.0462253 1.31774
0.412035 4.29391 -0.000868149 2.7211e-06 -0.000867538 1.40712 0.0488456 1.39616
0.414847 4.32322 -0.000849133 2.59795e-06 -0.00084855 1.3275 0.0494131 1.31643
0.417641 4.35234 -0.000839492 2.59231e-06 -0.000838929 1.41675 0.051125 1.40565
0.420416 4.38125 -0.000825626 2.57421e-06 -0.00082509 1.41771 0.0531851 1.40663
0.423173 4.40999 -0.000811323 2.50009e-06 -0.000810815 1.39996 0.0541924 1.38896
0.425912 4.43853 -0.000799337 2.42904e-06 -0.000798855 1.42362 0.0549451 1.41273
0.431338 4.49507 -0.000778329 2.39422e-06 -0.000777902 1.52143 0.0585787 1.51099
0.434025 4.52308 -0.000766084 2.26796e-06 -0.000765688 1.51793 0.0579898 1.5078
0.436696 4.55091 -0.000754143 2.31429e-06 -0.000753775 1.51266 0.0618134 1.50285
0.439351 4.57858 -0.000745623 2.30589e-06 -0.000745278 1.59229 0.0637698 1.58277
0.44199 4.60608 -0.000733904 2.16949e-06 -0.000733582 1.57669 0.0626723 1.56741
0.444613 4.63342 -0.000721624 2.18754e-06 -0.000721322 1.53302 0.0661382 1.5239
0.44722 4.66058 -0.000711876 2.11611e-06 -0.000711587 1.55543 0.0665143 1.54637
0.452391 4.71447 -0.000696122 2.12765e-06 -0.000695841 1.70288 0.0715646 1.69345
0.454954 4.74118 -0.000680181 2.00296e-06 -0.000679904 1.48646 0.0713678 1.47661
0.460037 4.79415 -0.000665545 1.96045e-06 -0.000665256 1.62858 0.0746026 1.61758
0.465065 4.84655 -0.000649696 1.84896e-06 -0.000649394 1.70284 0.075462 1.69053
0.467559 4.87254 -0.000640967 1.8523e-06 -0.000640661 1.69538 0.0785087 1.68243
0.472507 4.92411 -0.000627093 1.81144e-06 -0.000626779 1.81125 0.0819222 1.79706
0.474961 4.94968 -0.000621766 1.81957e-06 -0.000621448 1.93528 0.0845795 1.92052
0.477403 4.97513 -0.000607248 1.76615e-06 -0.000606938 1.61225 0.086956 1.59698
0.479833 5.00045 -0.000602884 1.7203e-06 -0.000602573 1.76858 0.0868071 1.75291
0.48225 5.02564 -0.000593566 1.71084e-06 -0.000593262 1.66658 0.0899603 1.65061
0.484655 5.0507 -0.000586852 1.73082e-06 -0.000586555 1.68885 0.0940351 1.6727
0.487049 5.07565 -0.000581318 1.68132e-06 -0.000581028 1.76912 0.0940138 1.75292
0.491801 5.12517 -0.000566396 1.61791e-06 -0.000566131 1.68595 0.0971604 1.67004
0.494159 5.14975 -0.00055998 1.5814e-06 -0.000559729 1.68998 0.0980866 1.6744
0.496507 5.17422 -0.00055595 1.58056e-06 -0.000555711 1.83694 0.100405 1.82177
0.498843 5.19856 -0.000548216 1.52101e-06 -0.000547994 1.74021 0.100299 1.72555
0.501169 5.2228 -0.000544091 1.55651e-06 -0.000543882 1.87229 0.105172 1.85819
0.503484 5.24693 -0.000536916 1.525e-06 -0.000536723 1.79012 0.10679 1.7766
0.505788 5.27094 -0.000532245 1.53736e-06 -0.000532064 1.87327 0.110554 1.8603
0.512639 5.34233 -0.000516465 1.3995e-06 -0.000516313 1.95559 0.109789 1.94368
0.514902 5.36591 -0.000509068 1.435e-06 -0.000508923 1.79356 0.116893 1.78172
0.517156 5.3894 -0.000504677 1.42196e-06 -0.000504535 1.86357 0.118888 1.85166
0.519399 5.41278 -0.00050052 1.36522e-06 -0.000500379 1.94786 0.117057 1.93577
0.521633 5.43606 -0.000494506 1.3934e-06 -0.000494366 1.86366 0.123452 1.85128
0.523858 5.45925 -0.000490169 1.41328e-06 -0.000490029 1.91776 0.128529 1.905
0.528279 5.50532 -0.000482048 1.32109e-06 -0.000481905 2.0589 0.126336 2.04523
0.530475 5.5282 -0.000475509 1.29902e-06 -0.000475366 1.87664 0.12873 1.86249
0.532663 5.55101 -0.00046929 1.27925e-06 -0.000469148 1.70622 0.131229 1.69163
0.534841 5.5737 -0.000467409 1.28856e-06 -0.000467265 1.9716 0.134344 1.95662
0.539172 5.61884 -0.000460966 1.25469e-06 -0.000460823 2.21995 0.136683 2.20435
0.541324 5.64126 -0.000456474 1.27453e-06 -0.000456333 2.19736 0.142722 2.18154
0.545604 5.68587 -0.000446248 1.28787e-06 -0.000446113 1.97256 0.153295 1.95646
0.547731 5.70803 -0.000441958 1.24437e-06 -0.000441826 1.93682 0.152185 1.92066
0.54985 5.73012 -0.000438993 1.22756e-06 -0.000438864 2.05597 0.153342 2.03982
0.551961 5.75212 -0.000433361 1.19146e-06 -0.000433236 1.82934 0.1539 1.81323
0.554063 5.77402 -0.000432721 1.21551e-06 -0.000432598 2.23862 0.158671 2.22261
0.556158 5.79585 -0.000427283 1.18678e-06 -0.000427165 2.01412 0.16009 1.99825
0.558245 5.8176 -0.000424193 1.18695e-06 -0.000424079 2.09254 0.163674 2.07682
0.562395 5.86085 -0.000415607 1.17455e-06 -0.000415501 1.8841 0.171238 1.8687
0.564459 5.88236 -0.000413021 1.15173e-06 -0.000412918 2.01277 0.171269 1.99746
0.566516 5.9038 -0.000410673 1.15116e-06 -0.000410572 2.17436 0.17441 2.15905
0.568565 5.92515 -0.000406928 1.10654e-06 -0.000406829 2.11753 0.171986 2.10209
0.570606 5.94642 -0.000402557 1.10146e-06 -0.000402458 1.94854 0.176194 1.93277
0.57264 5.96762 -0.000401061 1.12543e-06 -0.00040096 2.23154 0.182671 2.21519
0.574667 5.98874 -0.00039505 1.08416e-06 -0.000394948 1.7649 0.182657 1.74765
