0.03215 0.502564 -8.36069e-05 9.26869e-08 -8.36138e-05 0.0956366 0.00109047 0.0957178
0.045467 0.710733 -0.000168473 1.8433e-07 -0.000168494 0.184005 0.00106809 0.184125
0.0556854 0.870466 -0.000253923 2.69982e-07 -0.000253978 0.271281 0.0010328 0.27149
0.0643 1.00513 -0.000337394 3.75845e-07 -0.000337494 0.352129 0.00108565 0.352417
0.0718896 1.12377 -0.000416472 4.6503e-07 -0.000416624 0.425641 0.00110183 0.426
0.0787511 1.23103 -0.000492363 5.4127e-07 -0.000492572 0.498297 0.00110098 0.498723
0.090934 1.42147 -0.000623869 7.15596e-07 -0.000624199 0.625953 0.00120855 0.62651
0.09645 1.50769 -0.000679286 7.99542e-07 -0.000679676 0.683507 0.00128124 0.684132
0.101667 1.58924 -0.000726404 7.88815e-07 -0.000726848 0.735292 0.00122811 0.735984
0.10663 1.66682 -0.000765911 8.33306e-07 -0.000766405 0.782396 0.00128362 0.783157
0.111371 1.74094 -0.000800755 8.76558e-07 -0.000801295 0.828953 0.0013475 0.829783
0.115919 1.81203 -0.000827975 8.68289e-07 -0.000828548 0.869804 0.00135247 0.870697
0.120294 1.88042 -0.000849157 8.94839e-07 -0.000849755 0.90665 0.00142704 0.907605
0.1286 2.01026 -0.000877545 8.64126e-07 -0.000878168 0.971608 0.00147467 0.972672
0.132558 2.07213 -0.00088366 8.30017e-07 -0.000884283 0.996003 0.00148425 0.997118
0.136401 2.1322 -0.000888264 8.37652e-07 -0.000888884 1.02061 0.00156964 1.02178
0.140139 2.19063 -0.000889795 7.92186e-07 -0.000890406 1.04198 0.00156156 1.04319
0.143779 2.24753 -0.000889409 8.12415e-07 -0.000890012 1.06164 0.0016872 1.06289
0.14733 2.30304 -0.000884739 8.16478e-07 -0.000885328 1.07379 0.00179932 1.07509
0.150797 2.35724 -0.000881498 8.18713e-07 -0.000882072 1.09018 0.00190414 1.09151
0.157502 2.46205 -0.000868685 7.03066e-07 -0.000869227 1.11037 0.00183693 1.11179
0.16075 2.51282 -0.000862708 7.0231e-07 -0.000863234 1.1223 0.00193805 1.12375
0.163934 2.56259 -0.000855087 6.85e-07 -0.000855596 1.12998 0.00200116 1.13146
0.167056 2.61139 -0.000846703 6.84668e-07 -0.000847195 1.13528 0.0021185 1.1368
0.173133 2.70639 -0.000831904 6.44836e-07 -0.000832365 1.15175 0.00222009 1.15334
0.176093 2.75266 -0.000820861 5.91799e-07 -0.000821303 1.14668 0.00216492 1.1483
0.181868 2.84293 -0.00080403 5.59629e-07 -0.00080444 1.15319 0.00227623 1.15486
0.184688 2.88702 -0.00079486 5.65667e-07 -0.000795254 1.15233 0.00242782 1.15403
0.187465 2.93043 -0.000787781 5.54885e-07 -0.000788163 1.1599 0.00249805 1.16162
0.190202 2.97321 -0.00077832 5.4006e-07 -0.000778689 1.15605 0.0025641 1.1578
0.1929 3.01538 -0.000769531 5.23054e-07 -0.000769888 1.15421 0.00261304 1.156
0.195561 3.05698 -0.000761299 5.03254e-07 -0.000761645 1.15421 0.0026402 1.15602
0.198186 3.09801 -0.000752752 4.86922e-07 -0.000753085 1.15155 0.00268354 1.15339
0.203335 3.1785 -0.000736435 5.27984e-07 -0.000736747 1.14741 0.00320036 1.1493
0.205861 3.21799 -0.000728379 4.31574e-07 -0.000728681 1.14434 0.00274106 1.14626
0.208356 3.25699 -0.000720863 4.51156e-07 -0.000721155 1.14369 0.0029969 1.14563
0.210822 3.29554 -0.000714234 4.3665e-07 -0.000714516 1.14827 0.00302504 1.15023
0.213259 3.33363 -0.000706374 4.41636e-07 -0.000706645 1.14345 0.00320086 1.14542
0.215669 3.37131 -0.000698152 4.01851e-07 -0.000698412 1.13458 0.00304935 1.13655
0.218052 3.40856 -0.000691186 4.10588e-07 -0.000691438 1.13399 0.00324945 1.13598
0.222742 3.48187 -0.000678386 3.98588e-07 -0.000678622 1.13969 0.00341714 1.14171
0.22505 3.51795 -0.000670684 4.10896e-07 -0.000670911 1.12988 0.00367917 1.13191
0.227335 3.55367 -0.00066369 3.62808e-07 -0.000663908 1.12495 0.0033852 1.12699
0.229597 3.58903 -0.000657996 3.73931e-07 -0.000658206 1.13133 0.00362068 1.13337
0.231837 3.62404 -0.000650728 3.52922e-07 -0.00065093 1.12145 0.00356259 1.12348
0.234056 3.65873 -0.000645282 3.49243e-07 -0.000645477 1.12896 0.00365423 1.131
0.236253 3.69307 -0.000638784 3.6578e-07 -0.000638972 1.12466 0.00397925 1.1267
0.240589 3.76085 -0.000626707 3.32014e-07 -0.000626882 1.12297 0.00389158 1.12502
0.242727 3.79427 -0.000620667 3.3023e-07 -0.000620836 1.12052 0.00401688 1.12258
0.244847 3.82741 -0.000614666 3.31226e-07 -0.00061483 1.11745 0.00418017 1.11951
0.246949 3.86027 -0.000608642 3.17191e-07 -0.0006088 1.11285 0.00415314 1.11492
0.2511 3.92516 -0.000597191 3.15756e-07 -0.000597336 1.10793 0.00444015 1.10997
0.253149 3.95719 -0.000592337 3.12835e-07 -0.000592476 1.11632 0.00454482 1.11834
0.2572 4.02051 -0.000580942 2.90209e-07 -0.000581069 1.10551 0.00452468 1.10748
0.259202 4.05181 -0.000575728 2.93865e-07 -0.000575848 1.1057 0.00473804 1.10765
0.261188 4.08285 -0.000570489 2.72004e-07 -0.000570602 1.10439 0.00453529 1.10628
0.263159 4.11366 -0.000565731 2.79237e-07 -0.000565838 1.11019 0.00480635 1.11203
0.265116 4.14425 -0.000560648 2.77802e-07 -0.00056075 1.10953 0.0049415 1.11134
0.267058 4.17461 -0.000555871 2.82468e-07 -0.000555968 1.11328 0.00518646 1.11506
0.268986 4.20475 -0.00055061 2.69099e-07 -0.000550703 1.10694 0.00510889 1.10871
0.272802 4.2644 -0.000541039 2.439e-07 -0.000541123 1.10864 0.00493293 1.11034
0.27469 4.29391 -0.000536434 2.52282e-07 -0.000536515 1.11153 0.00526258 1.11322
0.276565 4.32322 -0.000531574 2.55314e-07 -0.000531652 1.10788 0.00549799 1.10956
0.278427 4.35233 -0.000526563 2.42828e-07 -0.000526639 1.0994 0.00540114 1.10108
0.280277 4.38125 -0.000522545 2.49063e-07 -0.000522619 1.11189 0.00570038 1.11359
0.282115 4.40998 -0.000517713 2.40307e-07 -0.000517785 1.10468 0.00567688 1.10637
0.283941 4.43852 -0.000513163 2.26994e-07 -0.000513232 1.10254 0.00552883 1.10423
0.287558 4.49506 -0.000504307 2.23586e-07 -0.00050437 1.10012 0.00578345 1.10175
0.28935 4.52308 -0.000500204 2.18119e-07 -0.000500263 1.10542 0.00580676 1.107
0.291131 4.55092 -0.000496154 2.19584e-07 -0.00049621 1.11114 0.00601501 1.11267
0.292901 4.57859 -0.00049184 2.16792e-07 -0.000491892 1.10832 0.00611696 1.1098
0.29466 4.60608 -0.000487623 2.10973e-07 -0.000487672 1.10673 0.0061292 1.10816
0.296408 4.63341 -0.000483288 2.15705e-07 -0.000483334 1.10004 0.00645558 1.10142
0.298147 4.66059 -0.000479359 2.09127e-07 -0.000479403 1.10411 0.00643665 1.10545
0.301594 4.71447 -0.000471146 1.98319e-07 -0.000471184 1.09673 0.00646575 1.09796
0.303303 4.74119 -0.000467575 2.03615e-07 -0.000467609 1.10834 0.00681691 1.10948
0.305002 4.76775 -0.00046373 2.04261e-07 -0.00046376 1.1096 0.00703063 1.11064
0.306692 4.79416 -0.000459944 1.90045e-07 -0.00045997 1.11147 0.00672345 1.1124
0.310043 4.84655 -0.000452419 1.96284e-07 -0.00045244 1.11235 0.00733495 1.11313
0.311706 4.87254 -0.000448909 1.80507e-07 -0.000448928 1.12014 0.00692502 1.12088
0.315004 4.9241 -0.000441148 1.84914e-07 -0.000441165 1.10182 0.00750222 1.10249
0.316641 4.94969 -0.000437962 1.73575e-07 -0.000437977 1.11827 0.00721953 1.11891
0.318269 4.97513 -0.000434357 1.70992e-07 -0.000434371 1.11597 0.00730521 1.11657
0.319889 5.00046 -0.00043093 1.72414e-07 -0.000430943 1.11961 0.00756 1.12017
0.3215 5.02564 -0.000427501 1.74375e-07 -0.000427512 1.12146 0.00784765 1.12196
0.323104 5.05071 -0.000423939 1.66675e-07 -0.000423948 1.11557 0.00770407 1.116
0.324699 5.07565 -0.00042048 1.60264e-07 -0.000420488 1.11236 0.00760468 1.11272
0.327867 5.12517 -0.000413996 1.64703e-07 -0.000414001 1.12154 0.00822024 1.12178
0.32944 5.14976 -0.000410534 1.69032e-07 -0.000410537 1.1124 0.00866178 1.11258
0.331005 5.17422 -0.000407054 1.5816e-07 -0.000407056 1.0999 0.00832238 1.10001
0.332562 5.19856 -0.000404137 1.65656e-07 -0.000404138 1.11512 0.00892654 1.11515
0.334113 5.22281 -0.00040104 1.55597e-07 -0.000401039 1.11929 0.00859419 1.11924
0.335656 5.24693 -0.000397896 1.58103e-07 -0.000397894 1.11898 0.00895332 1.11884
0.337192 5.27094 -0.000394787 1.53331e-07 -0.000394783 1.11862 0.00890139 1.11838
0.341759 5.34233 -0.000385692 1.48723e-07 -0.000385683 1.1193 0.00929281 1.11876
0.343268 5.36591 -0.000382549 1.44087e-07 -0.000382539 1.10821 0.00923273 1.1076
0.34477 5.38939 -0.000379843 1.52802e-07 -0.000379833 1.12312 0.0100183 1.12245
0.346266 5.41278 -0.000377161 1.41677e-07 -0.000377151 1.13824 0.00950339 1.13755
