0.0717977 0.748221 -0.000471703 2.91456e-06 -0.000472382 0.188366 0.00535794 0.189617
0.101537 1.05814 -0.00108471 7.73292e-06 -0.00108143 0.368625 0.00542482 0.366332
0.124357 1.29595 -0.00183004 1.50842e-05 -0.00183414 0.530598 0.00551808 0.532099
0.143595 1.49644 -0.00282473 2.45071e-05 -0.00284178 0.713934 0.00497943 0.717419
0.160544 1.67307 -0.00374181 3.32289e-05 -0.0037657 0.855062 0.00480621 0.858539
0.175868 1.83276 -0.00470359 4.38495e-05 -0.00472414 1.00823 0.00483596 1.01051
0.203074 2.11628 -0.00515039 4.35433e-05 -0.00515343 1.22461 0.00538056 1.22498
0.215393 2.24466 -0.00468974 3.89035e-05 -0.00468707 1.28345 0.00653791 1.283
0.227044 2.36608 -0.00429374 3.33278e-05 -0.00428511 1.3576 0.00744548 1.35568
0.238126 2.48157 -0.00375847 2.93836e-05 -0.00374351 1.39074 0.0094613 1.38594
0.248714 2.59191 -0.00326538 2.53585e-05 -0.00324497 1.40031 0.0118548 1.39083
0.25887 2.69775 -0.00286416 2.16277e-05 -0.00284075 1.40212 0.0142922 1.38678
0.268642 2.79958 -0.00254561 1.83261e-05 -0.00252269 1.4049 0.0165379 1.3844
0.287191 2.99288 -0.00208443 1.462e-05 -0.00206648 1.42974 0.0224707 1.40238
0.296029 3.08499 -0.00189334 1.18784e-05 -0.00187849 1.41577 0.0234746 1.38666
0.304612 3.17443 -0.00172186 1.08793e-05 -0.00171002 1.37193 0.0274715 1.34225
0.312959 3.26142 -0.00158071 9.54203e-06 -0.00157148 1.33078 0.0301154 1.30184
0.321089 3.34614 -0.0014961 9.40451e-06 -0.00148879 1.41849 0.0348105 1.39156
0.329018 3.42877 -0.00139129 8.71985e-06 -0.00138595 1.39005 0.039106 1.3662
0.336761 3.50947 -0.00131103 7.61877e-06 -0.00130717 1.41586 0.0402397 1.39552
0.351735 3.66551 -0.00116847 6.69482e-06 -0.00116603 1.42158 0.0484776 1.40395
0.358988 3.7411 -0.00111079 6.14457e-06 -0.00110835 1.44387 0.0512965 1.42351
0.366098 3.81519 -0.00105928 6.06264e-06 -0.00105663 1.47301 0.0579163 1.44772
0.373072 3.88787 -0.00102368 5.73599e-06 -0.00102071 1.62343 0.0609788 1.59199
0.386642 4.02929 -0.000934872 5.08716e-06 -0.000931642 1.62773 0.0697245 1.58361
0.393252 4.09817 -0.000909418 5.25984e-06 -0.000906145 1.82852 0.0788332 1.77964
0.406149 4.23257 -0.000834449 4.76241e-06 -0.000831708 1.75157 0.0903745 1.69973
0.412446 4.2982 -0.000813099 4.41143e-06 -0.000810677 1.94767 0.0908674 1.89793
0.418649 4.36284 -0.000772076 4.05478e-06 -0.000770139 1.68072 0.0953497 1.63528
0.424761 4.42653 -0.000760008 3.96436e-06 -0.000758406 2.03817 0.0989576 1.99826
0.430786 4.48932 -0.000724244 3.82904e-06 -0.000723018 1.75804 0.10817 1.72346
0.436728 4.55125 -0.000696673 3.73649e-06 -0.000695676 1.61657 0.117182 1.58536
0.442591 4.61234 -0.000691834 3.53691e-06 -0.000690912 2.16079 0.115498 2.13072
0.454088 4.73216 -0.000647263 3.5225e-06 -0.000646432 2.02598 0.138317 1.99337
0.459729 4.79094 -0.000627766 3.3453e-06 -0.000626938 1.98006 0.143146 1.94467
0.465302 4.84902 -0.000613999 3.19875e-06 -0.000613159 2.14148 0.146587 2.10302
0.470809 4.90641 -0.000597778 3.19318e-06 -0.000596939 2.15929 0.158068 2.11779
0.476252 4.96313 -0.000585484 2.94121e-06 -0.000584645 2.33958 0.155312 2.29532
0.481633 5.01921 -0.000567747 2.79032e-06 -0.000566939 2.18968 0.160252 2.14331
0.486955 5.07467 -0.000558767 2.80169e-06 -0.000557981 2.50407 0.169804 2.4565
0.497429 5.18382 -0.00053001 2.52636e-06 -0.00052934 2.37208 0.177533 2.32502
0.502584 5.23755 -0.000513803 2.57031e-06 -0.000513207 2.07893 0.196159 2.03354
0.507686 5.29072 -0.00050625 2.52015e-06 -0.000505709 2.39725 0.202118 2.35393
0.512738 5.34336 -0.000492927 2.41342e-06 -0.000492448 2.21767 0.208206 2.17636
0.51774 5.39549 -0.000486628 2.27588e-06 -0.000486186 2.60816 0.20538 2.5683
0.522695 5.44713 -0.000475074 2.28759e-06 -0.000474663 2.49699 0.220747 2.45736
0.527603 5.49827 -0.000463107 2.40187e-06 -0.000462715 2.28231 0.2485 2.24176
0.537285 5.59917 -0.000444741 2.11156e-06 -0.000444358 2.27603 0.245661 2.23149
0.542061 5.64895 -0.000440205 2.22491e-06 -0.000439813 2.77168 0.268945 2.72438
0.546795 5.69828 -0.000428567 2.09973e-06 -0.000428179 2.36716 0.272491 2.31679
0.551488 5.74719 -0.000421051 2.07e-06 -0.000420661 2.43217 0.283118 2.3789
0.560758 5.84379 -0.000407805 1.9302e-06 -0.000407421 2.72086 0.290976 2.66297
0.565335 5.89149 -0.000401816 1.96146e-06 -0.000401438 2.92174 0.30956 2.86215
0.574381 5.98576 -0.00038925 1.86745e-06 -0.0003889 3.15032 0.324163 3.08963
0.578851 6.03234 -0.000377251 1.8235e-06 -0.00037693 2.16064 0.342222 2.10052
0.583287 6.07857 -0.00037185 1.82705e-06 -0.000371549 2.30933 0.358322 2.25036
0.587689 6.12445 -0.000368279 1.8132e-06 -0.000367996 2.80306 0.367997 2.74566
0.592059 6.16999 -0.0003638 1.70728e-06 -0.000363537 3.10586 0.360353 3.05031
0.596396 6.21518 -0.000355853 1.64624e-06 -0.000355614 2.62508 0.368464 2.57151
0.600702 6.26006 -0.000352867 1.6869e-06 -0.000352643 3.20931 0.389518 3.15758
0.609223 6.34886 -0.000340376 1.6659e-06 -0.000340178 2.75854 0.425186 2.70804
0.61344 6.3928 -0.000334318 1.61653e-06 -0.000334127 2.48552 0.433606 2.43425
0.617627 6.43644 -0.000329054 1.59678e-06 -0.000328867 2.36746 0.448175 2.31491
0.621786 6.47978 -0.000323989 1.48687e-06 -0.000323804 2.25608 0.436295 2.20184
0.625918 6.52284 -0.00032289 1.49569e-06 -0.000322702 3.29516 0.447779 3.23882
0.630022 6.56561 -0.000316281 1.46927e-06 -0.000316095 2.64811 0.464481 2.58938
0.6341 6.60811 -0.000313172 1.4587e-06 -0.000312984 3.04992 0.476461 2.9887
0.642178 6.69229 -0.000305404 1.39102e-06 -0.000305217 3.2777 0.490024 3.21185
0.646179 6.73398 -0.00030097 1.39132e-06 -0.000300785 3.14098 0.510988 3.07309
0.650156 6.77543 -0.000300163 1.37922e-06 -0.000299977 4.32264 0.515564 4.25301
0.654108 6.81661 -0.000294266 1.41383e-06 -0.000294086 3.56295 0.556593 3.49207
0.658036 6.85755 -0.000289063 1.32492e-06 -0.00028889 2.97693 0.547034 2.90536
0.661942 6.89825 -0.000284828 1.31292e-06 -0.000284661 2.71561 0.564953 2.64381
0.665824 6.93871 -0.000281458 1.33644e-06 -0.000281297 2.77878 0.595838 2.70708
0.673522 7.01893 -0.000274868 1.32078e-06 -0.00027472 2.86808 0.631748 2.79751
0.677338 7.0587 -0.0002708 1.26367e-06 -0.00027066 2.47315 0.629777 2.40356
0.681132 7.09824 -0.000268119 1.20202e-06 -0.000267986 2.7233 0.617931 2.65481
0.684906 7.13757 -0.000263193 1.24563e-06 -0.000263068 1.75121 0.671901 1.68375
0.692392 7.21558 -0.000259514 1.16785e-06 -0.000259397 3.01293 0.662142 2.9464
0.696104 7.25426 -0.000256784 1.15749e-06 -0.00025667 3.12213 0.677494 3.05516
0.703471 7.33104 -0.000251157 1.16929e-06 -0.000251047 3.13754 0.730625 3.06877
0.707125 7.36912 -0.000247591 1.15824e-06 -0.000247484 2.59907 0.752466 2.52927
0.710761 7.40701 -0.000245224 1.13623e-06 -0.000245118 2.78701 0.760244 2.7159
0.714378 7.4447 -0.000241624 1.11217e-06 -0.000241519 2.09328 0.77431 2.02032
0.717977 7.48221 -0.000241784 1.07182e-06 -0.000241677 3.99009 0.75277 3.91494
0.721558 7.51953 -0.000237516 1.14502e-06 -0.000237411 2.73184 0.841674 2.65465
0.725121 7.55666 -0.000235525 1.02024e-06 -0.000235421 3.06894 0.770235 2.99034
0.732195 7.63038 -0.000229769 1.08323e-06 -0.00022967 2.26148 0.876104 2.18119
0.735707 7.66698 -0.000227294 9.98604e-07 -0.000227197 2.0947 0.833274 2.01343
0.739202 7.7034 -0.00022602 1.0987e-06 -0.000225923 2.90559 0.935997 2.82334
0.742681 7.73965 -0.000225062 1.03443e-06 -0.000224966 3.9945 0.897144 3.91166
0.746143 7.77573 -0.000223267 1.05662e-06 -0.000223174 4.35565 0.939866 4.27282
0.74959 7.81165 -0.000220324 1.03937e-06 -0.000220235 3.64558 0.958154 3.56315
0.75302 7.8474 -0.000218725 9.80222e-07 -0.000218638 4.12267 0.925287 4.04069
0.76322 7.9537 -0.000212076 1.02404e-06 -0.000211996 3.57426 1.05621 3.49213
0.766589 7.9888 -0.000210502 9.28686e-07 -0.000210424 3.96962 0.98083 3.88687
0.769944 8.02377 -0.000207383 9.66932e-07 -0.000207307 2.66394 1.06139 2.58021
0.773285 8.05858 -0.000204813 9.3188e-07 -0.000204738 1.85596 1.05787 1.77078
0.776611 8.09325 -0.000206751 9.75216e-07 -0.000206673 6.13398 1.0958 6.04673
