0.01929 0.502564 -3.21154e-05 3.1728e-08 -3.21173e-05 0.0927652 0.000910792 0.0928198
0.0272802 0.710733 -7.02129e-05 7.38629e-08 -7.02221e-05 0.186918 0.000887082 0.187028
0.0334113 0.870468 -0.000115153 1.27513e-07 -0.000115177 0.275399 0.000853886 0.27556
0.03858 1.00513 -0.000168438 1.99695e-07 -0.000168488 0.361 0.00083319 0.36121
0.0431338 1.12377 -0.000232138 3.01575e-07 -0.000232232 0.444708 0.000827898 0.444966
0.0472507 1.23103 -0.000307991 4.21709e-07 -0.000308155 0.524949 0.000789007 0.525256
0.0545604 1.42147 -0.000503057 8.31697e-07 -0.00050349 0.672725 0.000777193 0.67313
0.05787 1.50769 -0.000627967 1.05884e-06 -0.000628627 0.741858 0.000714071 0.742304
0.0610004 1.58925 -0.0007683 1.42238e-06 -0.000769252 0.804664 0.00071176 0.805141
0.0639777 1.66682 -0.000924101 1.7613e-06 -0.000925415 0.8627 0.000669896 0.863201
0.0668225 1.74093 -0.0010976 2.27085e-06 -0.00109936 0.917865 0.000667643 0.918382
0.0695511 1.81202 -0.00127878 2.85939e-06 -0.00128104 0.968387 0.000670728 0.968917
0.0721766 1.88042 -0.00145044 3.3889e-06 -0.00145318 1.01285 0.000665278 1.01339
0.07716 2.01026 -0.0017291 3.96765e-06 -0.00173257 1.08773 0.000626219 1.08828
0.0795347 2.07212 -0.00181531 4.38107e-06 -0.00181894 1.11838 0.000666572 1.11893
0.0818406 2.1322 -0.00184512 4.41698e-06 -0.0018487 1.14244 0.000688843 1.143
0.0840832 2.19063 -0.00184664 4.43171e-06 -0.00185011 1.16401 0.000728425 1.16458
0.0862675 2.24753 -0.00179531 4.12067e-06 -0.00179852 1.17799 0.000754435 1.17858
0.0883979 2.30304 -0.00174114 3.81943e-06 -0.0017441 1.19177 0.000780782 1.19237
0.0904781 2.35723 -0.00166244 3.72203e-06 -0.00166507 1.20003 0.000874565 1.20064
0.0945013 2.46205 -0.00149159 3.02261e-06 -0.00149351 1.20743 0.000963012 1.20804
0.09645 2.51282 -0.00139947 2.74986e-06 -0.00140102 1.20404 0.00103709 1.20462
0.0983601 2.56258 -0.00132107 2.42437e-06 -0.00132227 1.20153 0.00106755 1.20206
0.100234 2.61141 -0.00124406 2.35819e-06 -0.00124492 1.19518 0.00121651 1.19563
0.10388 2.70639 -0.00111177 1.91161e-06 -0.00111207 1.17942 0.00132736 1.17963
0.105656 2.75267 -0.0010581 1.76095e-06 -0.00105817 1.17282 0.00139706 1.17287
0.109121 2.84294 -0.000958784 1.57164e-06 -0.000958498 1.15259 0.00162098 1.15229
0.110813 2.88702 -0.000913284 1.48182e-06 -0.000912901 1.13899 0.00173748 1.13854
0.112479 2.93043 -0.000875319 1.37929e-06 -0.000874894 1.12941 0.00181417 1.12885
0.114121 2.9732 -0.000840484 1.264e-06 -0.000840058 1.11981 0.00185631 1.11919
0.11574 3.01538 -0.000808062 1.20647e-06 -0.00080766 1.1097 0.00197159 1.10905
0.117337 3.05699 -0.000780291 1.11637e-06 -0.000779929 1.10357 0.00201075 1.10292
0.118912 3.09802 -0.000751768 1.04198e-06 -0.000751456 1.09246 0.00207632 1.09183
0.122001 3.1785 -0.000705511 9.88312e-07 -0.000705267 1.08193 0.00235344 1.08135
0.123516 3.21797 -0.000686805 9.43387e-07 -0.00068659 1.0832 0.00242958 1.08265
0.125014 3.257 -0.000666824 8.95293e-07 -0.000666632 1.07892 0.00250553 1.07838
0.126493 3.29553 -0.000649166 8.50634e-07 -0.000648981 1.07857 0.00257159 1.07801
0.127955 3.33362 -0.000632327 8.22119e-07 -0.000632138 1.0785 0.0026805 1.07789
0.129401 3.3713 -0.000617563 7.79098e-07 -0.000617361 1.08334 0.00272382 1.08263
0.130831 3.40855 -0.000602347 7.79113e-07 -0.000602126 1.08477 0.0029271 1.08394
0.133645 3.48186 -0.000576281 7.23976e-07 -0.000576002 1.09916 0.0031015 1.09797
0.13503 3.51795 -0.00056451 6.91777e-07 -0.000564198 1.10967 0.00315322 1.10825
0.136401 3.55367 -0.000552337 6.57058e-07 -0.000551994 1.11696 0.00319272 1.11529
0.137758 3.58902 -0.000541064 6.55088e-07 -0.000540693 1.12706 0.00338393 1.12515
0.139102 3.62404 -0.000531494 6.4875e-07 -0.000531098 1.14495 0.00354148 1.14279
0.140433 3.65871 -0.000519754 6.36764e-07 -0.000519343 1.14957 0.00370509 1.14718
0.141752 3.69308 -0.000511264 5.87985e-07 -0.00051084 1.17175 0.00360284 1.16915
0.144353 3.76084 -0.000492628 5.82571e-07 -0.000492206 1.20333 0.00398746 1.20045
0.145636 3.79427 -0.000485482 5.64427e-07 -0.000485066 1.23269 0.00404887 1.22971
0.146908 3.82741 -0.000476223 5.65923e-07 -0.000475817 1.24605 0.00429298 1.24297
0.148169 3.86026 -0.000467694 5.45647e-07 -0.000467297 1.2633 0.00436547 1.26012
0.15066 3.92516 -0.000451482 5.14866e-07 -0.000451111 1.30046 0.00456997 1.29716
0.15189 3.9572 -0.000444463 4.97675e-07 -0.000444108 1.32676 0.00463252 1.32346
0.15432 4.02051 -0.000429625 4.88458e-07 -0.000429307 1.36817 0.00502257 1.36491
0.155521 4.0518 -0.00042299 4.77717e-07 -0.000422688 1.3948 0.00514635 1.39154
0.156713 4.08286 -0.000415818 4.52712e-07 -0.000415529 1.41413 0.00512412 1.41087
0.157895 4.11365 -0.000408293 4.466e-07 -0.000408018 1.42717 0.00532215 1.42389
0.159069 4.14424 -0.00040224 4.39389e-07 -0.000401978 1.45593 0.00547527 1.45267
0.160235 4.17462 -0.000395222 4.26616e-07 -0.000394975 1.47091 0.00558731 1.46768
0.161392 4.20476 -0.000388873 4.00558e-07 -0.000388641 1.49235 0.00549696 1.48916
0.163681 4.2644 -0.000376435 3.88257e-07 -0.000376226 1.53242 0.00584801 1.52928
0.164814 4.29391 -0.000370437 3.96267e-07 -0.000370236 1.55237 0.00624898 1.54921
0.165939 4.32322 -0.000364908 3.74139e-07 -0.000364712 1.57756 0.00616339 1.57434
0.167056 4.35232 -0.000358601 3.89067e-07 -0.000358409 1.58726 0.00672637 1.58394
0.168166 4.38124 -0.000353219 3.70764e-07 -0.000353027 1.61017 0.00669496 1.6067
0.169269 4.40998 -0.000348274 3.54256e-07 -0.000348079 1.63896 0.00666663 1.6353
0.170365 4.43853 -0.000342726 3.58828e-07 -0.000342529 1.65406 0.00706387 1.65019
0.172535 4.49507 -0.000332082 3.46009e-07 -0.00033188 1.68401 0.00744166 1.67966
0.17361 4.52308 -0.00032698 3.35429e-07 -0.000326776 1.69901 0.00753425 1.69443
0.174678 4.5509 -0.000322347 3.34361e-07 -0.000322141 1.72168 0.0078233 1.71686
0.17574 4.57857 -0.000317853 3.24482e-07 -0.000317646 1.74515 0.00790379 1.74011
0.176796 4.60608 -0.000312481 3.16684e-07 -0.000312275 1.74373 0.00807768 1.73849
0.177845 4.63341 -0.000307895 3.07756e-07 -0.00030769 1.75827 0.00818188 1.75284
0.178888 4.66058 -0.000303437 3.06833e-07 -0.000303234 1.77296 0.00849765 1.76734
0.180956 4.71446 -0.000295297 3.02695e-07 -0.000295099 1.81497 0.00905745 1.80906
0.181982 4.74119 -0.000290848 2.85784e-07 -0.000290656 1.81986 0.0089151 1.81388
0.183001 4.76774 -0.000286682 2.91103e-07 -0.000286498 1.82949 0.0094515 1.8235
0.184015 4.79416 -0.000282887 2.76207e-07 -0.000282711 1.84781 0.00931206 1.84188
0.186026 4.84655 -0.00027513 2.63009e-07 -0.000274976 1.86853 0.00957896 1.86294
0.187024 4.87255 -0.000271377 2.60274e-07 -0.000271235 1.87789 0.00984746 1.87254
0.189003 4.92411 -0.000264021 2.61871e-07 -0.000263903 1.89045 0.0106887 1.88562
0.189985 4.9497 -0.000260731 2.49993e-07 -0.000260623 1.90681 0.0105714 1.90224
0.190961 4.97512 -0.000257096 2.35155e-07 -0.000256998 1.90453 0.0103318 1.90022
0.191933 5.00045 -0.000254169 2.48413e-07 -0.00025408 1.92984 0.0112804 1.92582
0.1929 5.02564 -0.000250893 2.40522e-07 -0.000250814 1.93607 0.0113215 1.93233
0.193862 5.0507 -0.000247504 2.35797e-07 -0.000247432 1.93256 0.0115187 1.92905
0.19482 5.07566 -0.000244742 2.23577e-07 -0.000244675 1.95605 0.0112799 1.95269
0.19672 5.12516 -0.000238538 2.22587e-07 -0.000238475 1.95704 0.0120532 1.95362
0.197664 5.14976 -0.000236153 2.20545e-07 -0.000236089 1.99093 0.0123024 1.98734
0.198603 5.17422 -0.000232904 2.13279e-07 -0.000232838 1.97262 0.0123482 1.9688
0.199537 5.19856 -0.000230451 2.14038e-07 -0.000230382 1.99602 0.0127771 1.99191
0.200468 5.22281 -0.000227741 2.13172e-07 -0.000227669 2.00094 0.0131523 1.99651
0.201394 5.24694 -0.000225191 2.07754e-07 -0.000225116 2.0118 0.0132318 2.00703
0.202315 5.27093 -0.000222984 1.95185e-07 -0.000222906 2.04131 0.0127953 2.03619
0.205056 5.34234 -0.000214973 2.04529e-07 -0.000214888 2.01428 0.0148206 2.00813
0.205961 5.36592 -0.00021308 1.87621e-07 -0.000212993 2.05295 0.0139608 2.04648
0.206862 5.38939 -0.000210607 1.92928e-07 -0.000210519 2.04514 0.014824 2.03837
0.20776 5.41279 -0.000208448 2.01288e-07 -0.000208359 2.05748 0.015926 2.05045
0.208653 5.43605 -0.000206202 1.78296e-07 -0.000206113 2.05896 0.0145402 2.05169
0.209543 5.45924 -0.000204244 1.84224e-07 -0.000204155 2.08051 0.0154441 2.07304
0.211311 5.5053 -0.000200154 1.88248e-07 -0.000200067 2.09875 0.0167114 2.09104
0.21219 5.5282 -0.000197836 1.69053e-07 -0.000197751 2.07736 0.0154891 2.06962
0.213065 5.551 -0.000195925 1.81652e-07 -0.000195843 2.08875 0.0171095 2.08105
0.213937 5.57372 -0.000194037 1.72865e-07 -0.000193959 2.09897 0.0167359 2.09138
0.215669 5.61884 -0.00019055 1.75322e-07 -0.00019048 2.13741 0.0178856 2.13023
0.21653 5.64128 -0.00018846 1.71209e-07 -0.000188394 2.11554 0.0179978 2.10863
0.218241 5.68585 -0.000185235 1.62188e-07 -0.000185178 2.16107 0.0179268 2.15478
0.219092 5.70802 -0.000183288 1.62394e-07 -0.000183235 2.14149 0.0184755 2.13551
0.21994 5.73012 -0.000181544 1.5819e-07 -0.000181495 2.1405 0.0184862 2.1348
0.220784 5.7521 -0.000180329 1.64107e-07 -0.000180283 2.19839 0.0195859 2.19295
0.221625 5.77402 -0.000178281 1.63584e-07 -0.000178238 2.1531 0.0201265 2.14786
0.222463 5.79585 -0.000176736 1.55871e-07 -0.000176696 2.16482 0.0196615 2.15973
0.223298 5.8176 -0.000175407 1.58328e-07 -0.000175368 2.20086 0.0204276 2.19585
0.224958 5.86085 -0.00017227 1.48878e-07 -0.000172234 2.20128 0.0202109 2.19634
0.225784 5.88237 -0.000170785 1.51145e-07 -0.000170749 2.20704 0.0210307 2.20207
0.226606 5.90379 -0.000169097 1.48478e-07 -0.000169062 2.18 0.0212277 2.17495
0.227426 5.92515 -0.000167574 1.45073e-07 -0.000167539 2.17188 0.0212728 2.16669
0.228242 5.94641 -0.000166562 1.4434e-07 -0.000166526 2.23558 0.0215776 2.23019
0.229056 5.96762 -0.000165177 1.50306e-07 -0.00016514 2.24142 0.0230115 2.2358
0.229867 5.98875 -0.000163683 1.44816e-07 -0.000163646 2.22659 0.0227378 2.22073
0.23148 6.03077 -0.000161163 1.42941e-07 -0.000161125 2.25937 0.0234773 2.25305
0.232282 6.05166 -0.00015977 1.36488e-07 -0.000159731 2.24842 0.0229687 2.24191
0.233082 6.07251 -0.000158764 1.3671e-07 -0.000158725 2.29994 0.0234594 2.29328
0.233879 6.09327 -0.000157521 1.34235e-07 -0.000157482 2.30816 0.0235601 2.30134
0.234673 6.11396 -0.000156044 1.29387e-07 -0.000156005 2.27065 0.0232986 2.2637
0.235465 6.13459 -0.000154788 1.33519e-07 -0.000154749 2.26833 0.0245997 2.26124
0.236253 6.15512 -0.000153624 1.31254e-07 -0.000153586 2.27911 0.0247146 2.2719
0.237823 6.19602 -0.000151365 1.34164e-07 -0.000151327 2.30405 0.0263694 2.29665
0.238604 6.21637 -0.000150215 1.29347e-07 -0.000150178 2.30754 0.025983 2.3001
0.239383 6.23667 -0.000149316 1.25695e-07 -0.00014928 2.35893 0.0257212 2.3515
0.240159 6.25688 -0.000148084 1.26088e-07 -0.000148049 2.33885 0.0264028 2.33145
0.241703 6.29711 -0.00014587 1.23399e-07 -0.000145837 2.33878 0.0269731 2.33152
0.242472 6.31714 -0.000144845 1.18471e-07 -0.000144813 2.35149 0.0264308 2.34433
0.244001 6.35698 -0.000142887 1.22827e-07 -0.000142857 2.38784 0.0285144 2.38087
0.244763 6.37683 -0.000141621 1.19092e-07 -0.000141592 2.33371 0.0283196 2.3268
0.245522 6.39661 -0.000141027 1.23218e-07 -0.000140999 2.43607 0.0297312 2.42921
0.246278 6.4163 -0.00013972 1.17194e-07 -0.000139692 2.36244 0.028987 2.35559
0.247033 6.43597 -0.000138934 1.24846e-07 -0.000138907 2.41402 0.0314215 2.40712
0.247785 6.45556 -0.000137861 1.17222e-07 -0.000137834 2.38974 0.0301465 2.38273
0.248534 6.47508 -0.000137045 1.13455e-07 -0.000137018 2.42794 0.029705 2.42074
0.250027 6.51398 -0.000135057 1.18679e-07 -0.000135028 2.40096 0.032381 2.39312
