0.009645 0.502564 -8.1367e-06 1.76229e-09 -8.13693e-06 0.0963607 0.000197038 0.096386
0.0136401 0.710733 -1.80248e-05 4.27121e-09 -1.80259e-05 0.191298 0.000194618 0.191347
0.0167056 0.870465 -3.01843e-05 7.94697e-09 -3.01874e-05 0.283879 0.000193671 0.283955
0.01929 1.00513 -4.48187e-05 1.33082e-08 -4.48256e-05 0.366318 0.00019612 0.36642
0.0215669 1.12377 -6.33892e-05 2.06341e-08 -6.34028e-05 0.45092 0.000189992 0.451046
0.0236253 1.23102 -8.69435e-05 3.1374e-08 -8.69686e-05 0.532295 0.000184242 0.532443
0.0272802 1.42147 -0.000153704 6.87672e-08 -0.000153778 0.676134 0.000172218 0.676318
0.028935 1.50769 -0.000201391 9.92573e-08 -0.000201514 0.740624 0.000162851 0.740827
0.0305002 1.58925 -0.000263425 1.40425e-07 -0.000263634 0.80108 0.000149567 0.801302
0.0319889 1.66682 -0.00034289 2.0906e-07 -0.000343242 0.855943 0.000144497 0.856186
0.0334113 1.74094 -0.000450023 3.03051e-07 -0.000450627 0.908068 0.000132574 0.908332
0.0347756 1.81202 -0.000587916 4.50079e-07 -0.000588932 0.954568 0.000124881 0.95485
0.0360883 1.88042 -0.00074299 6.24491e-07 -0.000744561 0.992356 0.000116748 0.992651
0.03858 2.01026 -0.00121533 1.24841e-06 -0.00121901 1.06411 9.95078e-05 1.0644
0.0397674 2.07213 -0.00137976 1.49154e-06 -0.00138403 1.08658 9.79915e-05 1.08686
0.0409203 2.1322 -0.00147805 1.58203e-06 -0.0014823 1.10481 9.59423e-05 1.10507
0.0420416 2.19063 -0.00151559 1.66747e-06 -0.00151931 1.12034 0.000101605 1.12057
0.0431338 2.24754 -0.00148495 1.61584e-06 -0.00148775 1.13267 0.000108085 1.13286
0.044199 2.30304 -0.00139605 1.42049e-06 -0.00139784 1.14133 0.000113016 1.14147
0.0452391 2.35724 -0.00124123 1.23193e-06 -0.00124215 1.14291 0.000130034 1.14301
0.0472507 2.46205 -0.00101994 9.19894e-07 -0.00102016 1.14632 0.000157039 1.14636
0.048225 2.51282 -0.00087927 7.4202e-07 -0.000879376 1.13507 0.000177583 1.1351
0.0491801 2.56259 -0.000810444 6.59216e-07 -0.000810514 1.13438 0.000193142 1.1344
0.0501169 2.6114 -0.000744007 5.90859e-07 -0.00074405 1.13085 0.000213323 1.13086
0.0519399 2.70639 -0.000618523 4.38595e-07 -0.000618487 1.11171 0.000246147 1.11169
0.0528279 2.75266 -0.0005758 3.90801e-07 -0.00057571 1.10484 0.000261857 1.10478
0.0545604 2.84293 -0.000505049 3.23108e-07 -0.000504831 1.0893 0.000300332 1.0891
0.0554063 2.88701 -0.000474442 2.92706e-07 -0.000474162 1.07955 0.000318044 1.07925
0.0562395 2.93043 -0.000452654 2.6803e-07 -0.000452311 1.07603 0.000329748 1.07561
0.0570606 2.97321 -0.000430333 2.51335e-07 -0.000429945 1.06912 0.000352282 1.06858
0.05787 3.01538 -0.000412092 2.37304e-07 -0.000411679 1.06519 0.000373151 1.06455
0.0586683 3.05698 -0.00038902 2.2059e-07 -0.000388618 1.05006 0.000400071 1.04933
0.0594558 3.09801 -0.000373132 1.99821e-07 -0.000372744 1.04406 0.000404574 1.04327
0.0610004 3.1785 -0.000354831 1.87683e-07 -0.000354469 1.05586 0.000442307 1.055
0.0617582 3.21798 -0.000347677 1.82398e-07 -0.000347332 1.06601 0.000458891 1.06514
0.0625068 3.25699 -0.000338883 1.71789e-07 -0.00033856 1.07174 0.000465982 1.07087
0.0632465 3.29553 -0.000332916 1.74282e-07 -0.000332608 1.08492 0.000501476 1.08404
0.0639777 3.33363 -0.000322343 1.63715e-07 -0.000322056 1.08408 0.00051413 1.08318
0.0647006 3.3713 -0.000317122 1.57829e-07 -0.000316844 1.09922 0.000523724 1.09829
0.0654156 3.40856 -0.000311308 1.51368e-07 -0.000311036 1.11257 0.000532802 1.11162
0.0668225 3.48186 -0.00030336 1.46212e-07 -0.00030309 1.15355 0.000565556 1.1525
0.067515 3.51795 -0.000288024 1.34094e-07 -0.000287772 1.12715 0.000587358 1.12605
0.0682005 3.55367 -0.000288538 1.35123e-07 -0.000288274 1.16706 0.000601844 1.16588
0.0688791 3.58903 -0.000286985 1.32769e-07 -0.00028671 1.19926 0.000609784 1.198
0.0695511 3.62404 -0.000282387 1.3319e-07 -0.000282107 1.21819 0.000644232 1.21684
0.0702167 3.65872 -0.000280025 1.32166e-07 -0.000279736 1.24845 0.000662665 1.24701
0.070876 3.69308 -0.000276999 1.26507e-07 -0.000276704 1.27624 0.000660499 1.27471
0.0721766 3.76085 -0.000268702 1.24267e-07 -0.000268405 1.32108 0.000715085 1.31938
0.0728182 3.79428 -0.000265965 1.22141e-07 -0.000265668 1.35205 0.000730219 1.35027
0.0734542 3.82742 -0.000261925 1.17982e-07 -0.000261632 1.37558 0.000740044 1.37374
0.0740847 3.86027 -0.000258343 1.15459e-07 -0.000258054 1.40205 0.000757275 1.40016
0.0753299 3.92515 -0.000250158 1.11008e-07 -0.000249889 1.44804 0.000802759 1.44609
0.0759448 3.95719 -0.000246879 1.09861e-07 -0.000246621 1.47668 0.000829029 1.47474
0.07716 4.02051 -0.000245394 1.09299e-07 -0.000245153 1.57501 0.000861621 1.57312
0.0777605 4.0518 -0.000240208 1.06593e-07 -0.000239987 1.58982 0.000890556 1.58797
0.0783564 4.08285 -0.000235587 1.02056e-07 -0.000235385 1.60796 0.000899953 1.60618
0.0789477 4.11366 -0.00022871 9.87017e-08 -0.00022853 1.60362 0.000937362 1.60191
0.0795347 4.14425 -0.000226695 9.53696e-08 -0.000226527 1.64362 0.000935564 1.64198
0.0801174 4.17461 -0.000222548 9.5217e-08 -0.000222393 1.66244 0.000983368 1.66084
0.0806959 4.20475 -0.000217534 9.22762e-08 -0.000217391 1.67051 0.00101181 1.66893
0.0818406 4.2644 -0.000210994 8.87303e-08 -0.000210859 1.72104 0.00106369 1.71942
0.0824069 4.29391 -0.000207112 8.65047e-08 -0.000206978 1.73748 0.00109121 1.73579
0.0829695 4.32322 -0.000203406 8.45793e-08 -0.000203271 1.7546 0.00112135 1.75281
0.0835282 4.35234 -0.000199696 8.11788e-08 -0.000199559 1.77003 0.00113177 1.76812
0.0840832 4.38125 -0.000195927 7.73587e-08 -0.000195788 1.78279 0.00113539 1.78076
0.0846346 4.40999 -0.000192328 7.74437e-08 -0.000192188 1.7961 0.00119514 1.79394
0.0851824 4.43853 -0.000188981 7.67333e-08 -0.00018884 1.81145 0.00124247 1.80917
0.0862675 4.49507 -0.000182197 6.9843e-08 -0.000182059 1.8349 0.00124791 1.83243
0.086805 4.52308 -0.00017854 6.95268e-08 -0.000178405 1.8383 0.00130984 1.83576
0.0873392 4.55091 -0.00017533 6.83364e-08 -0.000175199 1.84751 0.00135144 1.84492
0.0878702 4.57858 -0.00017224 6.506e-08 -0.000172114 1.85682 0.00134944 1.8542
0.0883979 4.60608 -0.000169426 6.58312e-08 -0.000169305 1.8697 0.00142813 1.86709
0.0889225 4.63341 -0.000166284 6.21949e-08 -0.00016617 1.87314 0.0014173 1.87055
0.0894441 4.66059 -0.000163397 6.19218e-08 -0.000163291 1.87977 0.00147847 1.87723
0.0904781 4.71447 -0.000157919 5.92154e-08 -0.000157829 1.89277 0.0015486 1.8904
0.0909908 4.74118 -0.000155388 5.80959e-08 -0.000155305 1.90107 0.00158694 1.89881
0.0915005 4.76774 -0.000152705 5.56898e-08 -0.00015263 1.90269 0.0015927 1.90054
0.0920075 4.79416 -0.000150232 5.38797e-08 -0.000150163 1.90764 0.00160967 1.90557
0.093013 4.84655 -0.00014551 5.26438e-08 -0.000145449 1.91678 0.00171318 1.91478
0.0935118 4.87254 -0.000143308 5.13691e-08 -0.000143249 1.92281 0.00174197 1.92079
0.0945013 4.9241 -0.000138973 4.85553e-08 -0.000138916 1.92987 0.00178812 1.92775
0.0949923 4.94969 -0.00013688 4.82438e-08 -0.000136823 1.93229 0.0018505 1.9301
0.0954807 4.97513 -0.000134921 4.76231e-08 -0.000134864 1.93738 0.00189953 1.93511
0.0959666 5.00045 -0.00013299 4.70665e-08 -0.000132933 1.9412 0.00195199 1.93885
0.09645 5.02564 -0.000130865 4.61068e-08 -0.000130809 1.93417 0.00199473 1.93174
0.0969311 5.05071 -0.000129231 4.46325e-08 -0.000129175 1.9458 0.00199991 1.9433
0.0974098 5.07565 -0.000127438 4.39727e-08 -0.000127383 1.9482 0.00204624 1.94564
0.0983601 5.12517 -0.000124072 4.153e-08 -0.000124019 1.95618 0.0020788 1.95354
0.0988319 5.14975 -0.000122512 4.11788e-08 -0.000122461 1.96296 0.00213433 1.9603
0.0993014 5.17422 -0.000120934 4.127e-08 -0.000120884 1.96654 0.00221614 1.96387
0.0997687 5.19857 -0.000119504 4.02445e-08 -0.000119456 1.97602 0.00223393 1.97335
0.100234 5.22281 -0.000117987 3.98057e-08 -0.000117941 1.97857 0.00228789 1.97591
0.100697 5.24694 -0.000116502 3.88255e-08 -0.000116458 1.98058 0.00230994 1.97794
0.101158 5.27096 -0.000115065 3.81639e-08 -0.000115023 1.98313 0.00234895 1.98054
0.102528 5.34234 -0.000111233 3.64801e-08 -0.000111196 2.00834 0.00246804 2.00587
0.10298 5.36589 -0.00010999 3.68292e-08 -0.000109954 2.01502 0.00257079 2.01253
0.103431 5.38939 -0.000108816 3.60154e-08 -0.00010878 2.0248 0.00259109 2.02222
0.10388 5.41279 -0.00010758 3.49209e-08 -0.000107543 2.02809 0.00259284 2.02535
