0.048225 0.502564 -0.000180016 9.7429e-07 -0.000180037 0.0910918 0.00556288 0.0912136
0.0682005 0.710733 -0.000347821 1.92925e-06 -0.00034789 0.176523 0.00590024 0.176734
0.0835282 0.870467 -0.000505706 2.61017e-06 -0.000505853 0.26671 0.00566339 0.26703
0.09645 1.00513 -0.000631282 3.29779e-06 -0.000631511 0.31827 0.00612147 0.318696
0.107834 1.12376 -0.000763536 4.13974e-06 -0.000763869 0.407788 0.00656503 0.408316
0.118127 1.23103 -0.000869218 4.63177e-06 -0.000869647 0.473474 0.00680063 0.474105
0.136401 1.42147 -0.00103384 4.84423e-06 -0.00103445 0.588963 0.00670241 0.589804
0.144675 1.50769 -0.00110507 5.5673e-06 -0.00110576 0.652678 0.00758403 0.653625
0.152501 1.58925 -0.00115509 5.30018e-06 -0.00115585 0.699229 0.00734215 0.700281
0.159944 1.66681 -0.00119323 5.35312e-06 -0.00119404 0.739477 0.00764355 0.740633
0.167056 1.74093 -0.00122719 5.71986e-06 -0.00122804 0.782685 0.00842315 0.783939
0.173878 1.81202 -0.00124761 5.52788e-06 -0.00124848 0.813474 0.00853247 0.81482
0.180441 1.88042 -0.00126417 5.38767e-06 -0.00126505 0.84458 0.0087226 0.846011
0.1929 2.01026 -0.00129061 5.13862e-06 -0.0012915 0.912601 0.00912247 0.914186
0.198837 2.07213 -0.00129609 5.18266e-06 -0.00129698 0.940172 0.00969328 0.941829
0.204601 2.1322 -0.00130128 5.17109e-06 -0.00130216 0.971139 0.0101592 0.972866
0.210208 2.19063 -0.00129766 4.85775e-06 -0.00129852 0.987794 0.0101304 0.989588
0.215669 2.24754 -0.00129906 4.70018e-06 -0.00129991 1.0176 0.0102956 1.01946
0.220995 2.30304 -0.00129797 4.71601e-06 -0.00129881 1.04495 0.0108652 1.04688
0.226195 2.35723 -0.00128326 4.46855e-06 -0.00128407 1.04172 0.0110343 1.04371
0.236253 2.46205 -0.00127117 4.53863e-06 -0.00127194 1.08013 0.0124605 1.08224
0.241125 2.51282 -0.00125929 4.15327e-06 -0.00126004 1.08474 0.0121031 1.08692
0.2459 2.56258 -0.00124621 4.2103e-06 -0.00124693 1.08531 0.0130298 1.08755
0.250585 2.61141 -0.00124108 4.15664e-06 -0.00124179 1.11108 0.0134693 1.11337
0.2597 2.70639 -0.00122453 3.81172e-06 -0.0012252 1.14569 0.0136283 1.1481
0.264139 2.75265 -0.00120406 3.63819e-06 -0.0012047 1.11802 0.0139182 1.12049
0.272802 2.84293 -0.00119073 3.62493e-06 -0.00119134 1.16662 0.0151256 1.16918
0.277032 2.88702 -0.00116806 3.3903e-06 -0.00116864 1.12225 0.015161 1.12485
0.281198 2.93043 -0.00116233 3.40594e-06 -0.0011629 1.15127 0.0158477 1.15392
0.285303 2.97321 -0.00115054 3.16385e-06 -0.00115109 1.1524 0.0154668 1.15508
0.28935 3.01538 -0.00114265 3.42614e-06 -0.00114318 1.17248 0.0174668 1.17518
0.293341 3.05698 -0.00113084 3.1151e-06 -0.00113135 1.17239 0.0166653 1.17512
0.297279 3.09801 -0.00112015 3.02516e-06 -0.00112064 1.1774 0.0169408 1.18015
0.305002 3.1785 -0.00109577 3.0333e-06 -0.00109622 1.16677 0.018686 1.16955
0.308791 3.21798 -0.00108761 2.9167e-06 -0.00108805 1.18486 0.0186945 1.18765
0.312534 3.25699 -0.00107074 2.87823e-06 -0.00107115 1.14465 0.0194989 1.14745
0.316233 3.29554 -0.00106782 2.74228e-06 -0.00106822 1.19783 0.0191247 1.20064
0.319889 3.33364 -0.00105361 2.70241e-06 -0.001054 1.17183 0.0198088 1.17465
0.323503 3.3713 -0.0010435 2.66854e-06 -0.00104387 1.17345 0.0203952 1.17628
0.327078 3.40856 -0.00103601 2.57434e-06 -0.00103637 1.19488 0.0204046 1.19773
0.334113 3.48187 -0.00101299 2.57105e-06 -0.00101333 1.16996 0.0222426 1.1729
0.337575 3.51795 -0.00100314 2.47225e-06 -0.00100347 1.16885 0.0222646 1.17183
0.341002 3.55366 -0.00099377 2.35122e-06 -0.000994093 1.17088 0.0220162 1.17391
0.344395 3.58902 -0.000983747 2.43568e-06 -0.000984061 1.1654 0.02374 1.16845
0.347756 3.62405 -0.000977358 2.43613e-06 -0.000977665 1.19492 0.0245279 1.19801
0.351083 3.65872 -0.000962626 2.36225e-06 -0.000962923 1.13764 0.0249892 1.14078
0.35438 3.69308 -0.000953282 2.30907e-06 -0.000953572 1.13346 0.0253781 1.13665
0.360883 3.76085 -0.000937891 2.13585e-06 -0.000938165 1.15895 0.0251498 1.16218
0.364091 3.79428 -0.000929551 2.17898e-06 -0.000929815 1.16314 0.0265871 1.16635
0.367271 3.82742 -0.000917876 2.03892e-06 -0.000918128 1.12387 0.0259631 1.12708
0.370423 3.86027 -0.000915374 2.06504e-06 -0.000915619 1.20073 0.0268958 1.20392
0.376649 3.92515 -0.000901854 2.03492e-06 -0.00090208 1.24665 0.0282307 1.24978
0.379724 3.95719 -0.000885589 1.93631e-06 -0.0008858 1.13197 0.0283159 1.13505
0.3858 4.02051 -0.000869384 1.89015e-06 -0.000869571 1.1265 0.0296074 1.12943
0.388802 4.0518 -0.000861768 1.94708e-06 -0.000861943 1.129 0.0315264 1.13184
0.391782 4.08285 -0.000858624 1.88492e-06 -0.00085879 1.20463 0.0312175 1.20738
0.394739 4.11367 -0.000844177 1.70215e-06 -0.00084433 1.08882 0.0296063 1.09148
0.397674 4.14425 -0.000844371 1.72551e-06 -0.000844519 1.22456 0.0304469 1.22717
0.400587 4.17461 -0.00083364 1.76166e-06 -0.000833779 1.1669 0.0323597 1.16945
0.403479 4.20475 -0.000825762 1.75186e-06 -0.000825893 1.15754 0.0332724 1.16003
0.409203 4.2644 -0.000811177 1.62688e-06 -0.000811294 1.15527 0.0329357 1.15764
0.412035 4.29391 -0.000803926 1.71224e-06 -0.000804038 1.15218 0.0357824 1.15451
0.414847 4.32322 -0.000800128 1.58482e-06 -0.000800237 1.22121 0.0338929 1.22354
0.417641 4.35234 -0.000789319 1.52827e-06 -0.000789424 1.1374 0.0340389 1.13975
0.420416 4.38125 -0.000784475 1.55113e-06 -0.000784578 1.18287 0.0354425 1.18523
0.423173 4.40999 -0.00077502 1.56485e-06 -0.00077512 1.12028 0.037116 1.12266
0.425912 4.43853 -0.000769666 1.5675e-06 -0.000769764 1.15185 0.0381876 1.15424
0.431338 4.49507 -0.000756434 1.42671e-06 -0.000756529 1.14952 0.0369071 1.15196
0.434025 4.52308 -0.000750844 1.47329e-06 -0.000750937 1.17245 0.0391652 1.17493
0.436696 4.55091 -0.000745871 1.52958e-06 -0.000745963 1.21155 0.0417144 1.21405
0.439351 4.57858 -0.000737947 1.40019e-06 -0.000738035 1.16778 0.0394863 1.17026
0.44199 4.60608 -0.000731584 1.40389e-06 -0.000731669 1.16449 0.0407679 1.16694
0.444613 4.63342 -0.00072417 1.32792e-06 -0.00072425 1.12729 0.0398244 1.1297
0.44722 4.66058 -0.000717032 1.40593e-06 -0.000717109 1.09417 0.0435137 1.09653
0.452391 4.71447 -0.00070717 1.3348e-06 -0.000707239 1.15975 0.0434612 1.16199
0.454954 4.74118 -0.000702794 1.31526e-06 -0.000702857 1.21027 0.0438533 1.21239
0.457503 4.76775 -0.000694839 1.27833e-06 -0.000694896 1.13834 0.0440942 1.14031
0.460037 4.79415 -0.00069006 1.25143e-06 -0.000690111 1.17226 0.0442532 1.17406
0.465065 4.84655 -0.000677373 1.22455e-06 -0.000677413 1.12165 0.045929 1.12315
0.467559 4.87254 -0.000673152 1.19016e-06 -0.000673187 1.17222 0.0456874 1.17357
0.472507 4.92411 -0.000661393 1.16685e-06 -0.000661417 1.13953 0.0473883 1.14051
0.474961 4.94968 -0.000657019 1.18079e-06 -0.000657037 1.18061 0.049102 1.18136
0.477403 4.97513 -0.000648555 1.13143e-06 -0.000648567 1.04602 0.0487841 1.04652
0.479833 5.00045 -0.00064627 1.1572e-06 -0.000646276 1.17386 0.0507625 1.17412
0.48225 5.02564 -0.000639551 1.14328e-06 -0.000639552 1.10544 0.0517292 1.10547
0.484655 5.0507 -0.000634955 1.03237e-06 -0.000634951 1.12908 0.0478642 1.12891
0.487049 5.07565 -0.000629391 1.06681e-06 -0.000629384 1.10533 0.0508383 1.10498
0.491801 5.12517 -0.000620518 1.06179e-06 -0.000620506 1.15849 0.0530781 1.15789
0.494159 5.14975 -0.000615008 1.02291e-06 -0.000614995 1.12774 0.0525555 1.12707
0.496507 5.17422 -0.000610557 1.07696e-06 -0.000610544 1.14846 0.056677 1.14775
0.498843 5.19856 -0.000606669 1.09091e-06 -0.000606656 1.19753 0.0586978 1.1968
0.501169 5.2228 -0.000601645 1.06684e-06 -0.000601632 1.18349 0.0589109 1.18277
0.503484 5.24693 -0.00059621 1.01617e-06 -0.000596198 1.14244 0.0576696 1.14174
0.505788 5.27094 -0.000594179 1.03132e-06 -0.000594167 1.2935 0.0594708 1.29282
0.512639 5.34233 -0.000578006 9.77677e-07 -0.000577996 1.14583 0.0612011 1.14521
0.514902 5.36591 -0.000575307 9.70099e-07 -0.000575297 1.2572 0.0618402 1.25658
0.517156 5.3894 -0.0005699 9.41659e-07 -0.00056989 1.19368 0.0617085 1.19305
0.519399 5.41278 -0.000564915 9.3504e-07 -0.000564905 1.15179 0.0629031 1.15114
0.521633 5.43606 -0.000559983 9.15023e-07 -0.000559973 1.10825 0.0631856 1.10756
0.523858 5.45925 -0.000556135 8.83699e-07 -0.000556125 1.13598 0.0623989 1.13524
0.528279 5.50532 -0.000546932 8.87596e-07 -0.00054692 1.07345 0.0658999 1.07258
0.530475 5.5282 -0.0005435 9.09259e-07 -0.000543487 1.12354 0.0689333 1.12259
0.532663 5.55101 -0.00054096 9.23659e-07 -0.000540946 1.24159 0.0712687 1.24054
0.534841 5.5737 -0.00053386 8.45285e-07 -0.000533845 0.999767 0.0675169 0.998606
0.539172 5.61884 -0.000526597 8.86231e-07 -0.00052658 1.04843 0.0739372 1.04698
0.541324 5.64126 -0.000523859 8.43476e-07 -0.00052384 1.14504 0.071677 1.14341
0.545604 5.68587 -0.000514736 7.90959e-07 -0.000514713 1.016 0.0707243 1.01392
0.547731 5.70803 -0.000512521 8.32249e-07 -0.000512495 1.1553 0.0756482 1.15297
0.54985 5.73012 -0.000508747 8.005e-07 -0.000508719 1.15204 0.074419 1.14945
0.551961 5.75212 -0.000505 8.25155e-07 -0.00050497 1.14746 0.0784533 1.14459
0.554063 5.77402 -0.000502049 7.87871e-07 -0.000502017 1.21598 0.0763707 1.21284
0.556158 5.79585 -0.000497457 8.04913e-07 -0.000497423 1.12098 0.0800726 1.11757
0.558245 5.8176 -0.000495008 7.63998e-07 -0.000494971 1.23518 0.0773344 1.23148
0.562395 5.86085 -0.000487606 7.45627e-07 -0.000487566 1.20176 0.0789456 1.19751
0.564459 5.88236 -0.000482563 8.00486e-07 -0.000482522 1.03222 0.0871715 1.02771
0.566516 5.9038 -0.00047971 7.41323e-07 -0.000479667 1.09421 0.0822891 1.08947
0.568565 5.92515 -0.000476779 7.32524e-07 -0.000476735 1.14588 0.0829121 1.14092
0.570606 5.94642 -0.000474376 7.49475e-07 -0.000474331 1.25632 0.0863092 1.25118
0.57264 5.96762 -0.000469897 7.21469e-07 -0.000469852 1.12275 0.0852804 1.11746
0.574667 5.98874 -0.000466834 7.30006e-07 -0.000466789 1.14984 0.0880456 1.14443
0.5787 6.03077 -0.00045983 7.24119e-07 -0.000459785 1.08413 0.0912846 1.0785
0.580706 6.05167 -0.000456058 6.93075e-07 -0.000456014 1.00793 0.0894389 1.00221
0.582705 6.07251 -0.000454607 6.62433e-07 -0.000454563 1.22891 0.0866246 1.22311
0.584697 6.09326 -0.000451381 6.98817e-07 -0.000451337 1.21698 0.0933283 1.21111
0.586683 6.11396 -0.000448771 6.66258e-07 -0.000448727 1.28416 0.0906307 1.27824
0.588661 6.13457 -0.000443563 6.95968e-07 -0.000443521 0.987453 0.0975622 0.981496
0.590633 6.15513 -0.000441321 6.51179e-07 -0.000441279 1.09647 0.0928324 1.09049
0.594558 6.19603 -0.000435243 6.26388e-07 -0.000435202 1.07773 0.0930337 1.07172
0.59651 6.21637 -0.000432256 6.54095e-07 -0.000432216 1.06868 0.0991436 1.06264
0.598457 6.23666 -0.000430923 6.51541e-07 -0.000430883 1.30972 0.100018 1.30364
0.600397 6.25688 -0.000427623 6.55063e-07 -0.000427584 1.24685 0.10278 1.24074
0.604258 6.29711 -0.00042087 6.28612e-07 -0.000420832 1.07324 0.103134 1.06706
0.606179 6.31713 -0.000418789 6.17996e-07 -0.000418752 1.19037 0.103054 1.18417
0.610004 6.357 -0.000412131 5.99503e-07 -0.000412095 0.990478 0.104533 0.984238
0.611907 6.37683 -0.000409909 5.89086e-07 -0.000409874 1.07364 0.104481 1.06737
0.613804 6.3966 -0.000408805 6.02899e-07 -0.00040877 1.35596 0.108177 1.34964
0.615696 6.41631 -0.00040393 5.80531e-07 -0.000403895 0.951489 0.107352 0.945081
0.617582 6.43597 -0.000401487 5.56631e-07 -0.000401452 0.982353 0.104829 0.975833
0.619462 6.45556 -0.000399606 5.82643e-07 -0.000399571 1.11701 0.111438 1.11035
0.621336 6.47509 -0.000397112 5.72668e-07 -0.000397077 1.13203 0.111583 1.12522
0.625068 6.51398 -0.000393051 5.66366e-07 -0.000393016 1.33562 0.114004 1.3285
0.626925 6.53333 -0.00038963 5.56821e-07 -0.000389595 1.1494 0.114739 1.14213
0.628777 6.55263 -0.000387675 5.49107e-07 -0.000387639 1.25799 0.11497 1.25055
0.630624 6.57188 -0.000385022 5.82041e-07 -0.000384986 1.21673 0.124278 1.2091
0.632465 6.59107 -0.000381706 5.35873e-07 -0.00038167 1.02376 0.117098 1.01591
0.634301 6.6102 -0.000379469 5.2296e-07 -0.000379432 1.05785 0.1163 1.04972
0.636132 6.62928 -0.00037775 5.19578e-07 -0.000377712 1.20504 0.117277 1.19658
0.639777 6.66727 -0.000372352 5.03409e-07 -0.000372313 1.03976 0.118291 1.03052
0.641592 6.68618 -0.000370035 5.27332e-07 -0.000369995 1.03553 0.126183 1.02589
0.643402 6.70504 -0.000367819 5.30456e-07 -0.000367778 1.05033 0.129191 1.04029
0.645207 6.72385 -0.000365425 5.12615e-07 -0.000365383 1.01605 0.127199 1.00564
0.647006 6.7426 -0.000364757 4.96984e-07 -0.000364714 1.40898 0.124464 1.39822
0.648801 6.76131 -0.00036205 4.80657e-07 -0.000362007 1.28935 0.122861 1.27829
0.650591 6.77996 -0.000358039 5.00429e-07 -0.000357996 0.817892 0.13152 0.806583
0.654156 6.81711 -0.000354045 4.8058e-07 -0.000354002 0.89813 0.130589 0.886494
0.655931 6.83561 -0.000353581 5.02921e-07 -0.000353538 1.35351 0.137763 1.34179
0.657701 6.85406 -0.000350568 4.72338e-07 -0.000350526 1.1061 0.13233 1.09432
0.659467 6.87246 -0.000349055 4.97391e-07 -0.000349013 1.27078 0.141316 1.25897
0.662984 6.90911 -0.000344188 4.65899e-07 -0.000344148 1.0577 0.137593 1.04576
0.664736 6.92737 -0.000342155 4.69792e-07 -0.000342115 1.05664 0.14114 1.04457
0.668225 6.96373 -0.000338272 4.48216e-07 -0.000338232 1.09289 0.139217 1.08048
0.669963 6.98184 -0.00033651 4.71275e-07 -0.00033647 1.15974 0.148687 1.14713
0.671697 6.99991 -0.000335544 4.70258e-07 -0.000335504 1.47746 0.149995 1.46466
0.673426 7.01793 -0.000332653 4.46789e-07 -0.000332613 1.1735 0.145745 1.16052
0.67515 7.0359 -0.000330317 4.38286e-07 -0.000330278 1.03625 0.145743 1.02312
0.67687 7.05382 -0.000329477 4.30093e-07 -0.000329438 1.39257 0.144483 1.37931
0.678586 7.0717 -0.000326261 4.41818e-07 -0.000326222 0.940318 0.152131 0.926963
0.682005 7.10733 -0.000323377 4.35921e-07 -0.000323339 1.22965 0.154332 1.21621
0.683708 7.12508 -0.000321742 4.29864e-07 -0.000321705 1.30248 0.154507 1.28905
0.685406 7.14278 -0.000319408 4.01612e-07 -0.000319371 1.11504 0.147198 1.10167
0.687101 7.16044 -0.0003179 4.16375e-07 -0.000317864 1.22327 0.154822 1.20996
0.688791 7.17805 -0.000316968 4.23434e-07 -0.000316933 1.54509 0.159153 1.53184
0.690477 7.19562 -0.000314375 4.29759e-07 -0.000314341 1.23495 0.16501 1.22173
0.692159 7.21315 -0.000312062 4.07907e-07 -0.000312028 1.01595 0.159726 1.00272
0.695511 7.24808 -0.000308649 4.06873e-07 -0.000308616 1.02714 0.164445 1.01372
0.697181 7.26549 -0.000306816 4.03418e-07 -0.000306783 0.971162 0.165796 0.957586
0.698847 7.28285 -0.000305833 4.1121e-07 -0.0003058 1.26112 0.1709 1.24737
0.700509 7.30017 -0.000304296 4.13671e-07 -0.000304263 1.3192 0.174492 1.30525
0.702167 7.31745 -0.000302741 4.08217e-07 -0.000302708 1.36477 0.174789 1.35064
0.703821 7.33468 -0.000300367 3.88112e-07 -0.000300334 1.04815 0.169614 1.03384
0.705471 7.35188 -0.000299026 3.82751e-07 -0.000298993 1.17249 0.169568 1.15802
0.70876 7.38615 -0.00029536 3.95889e-07 -0.000295328 0.963361 0.181448 0.948571
0.710399 7.40324 -0.000294127 3.63162e-07 -0.000294095 1.1226 0.168624 1.10763
0.712034 7.42027 -0.000292878 3.98921e-07 -0.000292846 1.27208 0.187672 1.2569
0.713665 7.43727 -0.000290922 3.9098e-07 -0.00029089 1.08117 0.187273 1.06575
0.716916 7.47115 -0.000288292 3.63576e-07 -0.00028826 1.29321 0.178959 1.27724
0.718537 7.48804 -0.000286546 3.67378e-07 -0.000286514 1.1787 0.18387 1.16243
0.721766 7.52169 -0.000283765 3.70125e-07 -0.000283732 1.28321 0.190596 1.26638
0.723375 7.53846 -0.000282442 3.57738e-07 -0.000282409 1.36286 0.186778 1.34578
0.724981 7.5552 -0.00028072 3.47943e-07 -0.000280687 1.22662 0.184717 1.20931
0.726583 7.57189 -0.000279086 3.53853e-07 -0.000279054 1.12687 0.1909 1.10934
0.728182 7.58856 -0.000278354 3.61956e-07 -0.000278321 1.50912 0.197167 1.49138
0.729777 7.60518 -0.000275975 3.42908e-07 -0.000275943 0.983346 0.190858 0.965382
0.731369 7.62177 -0.000275764 3.52068e-07 -0.000275731 1.65372 0.197115 1.63551
