0.03215 0.502564 -8.83792e-05 1.1391e-07 -8.83872e-05 0.0898532 0.00119932 0.0899374
0.045467 0.710733 -0.000190004 2.70314e-07 -0.00019004 0.176518 0.00123129 0.176682
0.0556854 0.870466 -0.000308435 4.48049e-07 -0.000308533 0.265414 0.00116144 0.265668
0.0643 1.00513 -0.00044192 7.1769e-07 -0.000442121 0.345508 0.001208 0.345847
0.0718896 1.12377 -0.000597437 9.86905e-07 -0.000597801 0.427738 0.00113575 0.428157
0.0787511 1.23103 -0.000774109 1.42578e-06 -0.000774706 0.506343 0.00117242 0.506835
0.090934 1.42147 -0.00120574 2.46223e-06 -0.0012071 0.659034 0.00111195 0.659648
0.09645 1.50769 -0.00145916 3.12041e-06 -0.0014611 0.730829 0.00108205 0.731504
0.101667 1.58924 -0.00172704 3.96206e-06 -0.00172973 0.797401 0.00108922 0.798142
0.10663 1.66682 -0.00201219 4.65404e-06 -0.00201583 0.861768 0.00103627 0.86258
0.111371 1.74094 -0.00229693 5.4928e-06 -0.00230167 0.921833 0.00102339 0.922717
0.115919 1.81203 -0.0025529 6.29073e-06 -0.00255866 0.975342 0.00102748 0.976284
0.120294 1.88042 -0.00278939 6.97166e-06 -0.00279604 1.02665 0.0010269 1.02764
0.1286 2.01026 -0.00311805 7.9049e-06 -0.00312531 1.11648 0.00106508 1.11747
0.132558 2.07213 -0.00317975 7.6518e-06 -0.00318656 1.15287 0.00105371 1.15381
0.136401 2.1322 -0.00316895 8.07528e-06 -0.00317482 1.18268 0.00118616 1.18355
0.140139 2.19063 -0.00313023 7.85803e-06 -0.00313498 1.21123 0.00124955 1.21199
0.143779 2.24753 -0.00305018 7.58262e-06 -0.00305372 1.23524 0.00133765 1.23587
0.14733 2.30304 -0.00292484 7.00204e-06 -0.00292722 1.25172 0.00141152 1.2522
0.150797 2.35724 -0.00280007 6.52397e-06 -0.00280149 1.26747 0.00150421 1.2678
0.157502 2.46205 -0.00252059 5.88567e-06 -0.00252098 1.2852 0.00182818 1.28532
0.16075 2.51282 -0.0023861 5.28866e-06 -0.00238634 1.29006 0.00190973 1.29014
0.163934 2.56259 -0.00224671 4.76074e-06 -0.00224688 1.2877 0.00201671 1.28777
0.167056 2.61139 -0.0021251 4.45836e-06 -0.0021252 1.28658 0.00219225 1.28663
0.173133 2.70639 -0.00190089 3.79476e-06 -0.00190079 1.27446 0.00250534 1.2744
0.176093 2.75266 -0.00181063 3.5573e-06 -0.00181036 1.27229 0.00267834 1.27209
0.181868 2.84293 -0.00164142 3.09303e-06 -0.00164072 1.25759 0.00302425 1.2569
0.184688 2.88702 -0.00156567 2.87153e-06 -0.00156475 1.24785 0.0031834 1.24683
0.187465 2.93043 -0.00149284 2.74387e-06 -0.00149172 1.23355 0.00344841 1.23214
0.190202 2.97321 -0.00143438 2.59976e-06 -0.00143309 1.23032 0.00364424 1.22852
0.1929 3.01538 -0.00137847 2.38907e-06 -0.00137709 1.22487 0.00373043 1.22271
0.195561 3.05698 -0.00132088 2.37098e-06 -0.00131949 1.20976 0.00414448 1.20733
0.198186 3.09801 -0.0012789 2.15497e-06 -0.00127753 1.21587 0.00412701 1.21324
0.203335 3.1785 -0.00118614 1.92695e-06 -0.00118493 1.1941 0.00451543 1.19127
0.205861 3.21799 -0.00115114 1.84577e-06 -0.00115001 1.20037 0.00470666 1.19749
0.208356 3.25699 -0.00111451 1.83737e-06 -0.00111346 1.1977 0.00511976 1.19479
0.210822 3.29554 -0.00107632 1.66176e-06 -0.00107535 1.18415 0.00508265 1.1812
0.213259 3.33363 -0.00104513 1.67027e-06 -0.00104422 1.18566 0.0055438 1.18265
0.215669 3.37131 -0.0010162 1.56e-06 -0.00101535 1.18991 0.00560091 1.18685
0.218052 3.40856 -0.000993544 1.5113e-06 -0.000992722 1.21325 0.00580237 1.2101
0.222742 3.48187 -0.000939965 1.37712e-06 -0.000939193 1.21595 0.00616391 1.2125
0.22505 3.51795 -0.000914213 1.44081e-06 -0.000913454 1.21323 0.00695956 1.20957
0.227335 3.55367 -0.000894438 1.33821e-06 -0.000893678 1.23484 0.00689104 1.23093
0.229597 3.58903 -0.000873648 1.28355e-06 -0.000872885 1.24773 0.00706678 1.24354
0.231837 3.62404 -0.000853848 1.34134e-06 -0.000853082 1.26196 0.00788339 1.25746
0.234056 3.65873 -0.000835999 1.22917e-06 -0.00083523 1.28398 0.00768121 1.27918
0.236253 3.69307 -0.000816467 1.22701e-06 -0.000815702 1.29119 0.00819087 1.28609
0.240589 3.76085 -0.000782426 1.11423e-06 -0.000781673 1.32596 0.00839975 1.32029
0.242727 3.79427 -0.000770732 1.0822e-06 -0.000769983 1.37876 0.00855799 1.37284
0.244847 3.82741 -0.000750198 1.08394e-06 -0.000749476 1.35684 0.00920597 1.35072
0.246949 3.86027 -0.000737498 1.07381e-06 -0.000736794 1.39537 0.00959931 1.38908
0.2511 3.92516 -0.000708963 9.94085e-07 -0.000708313 1.43343 0.00994161 1.42694
0.253149 3.95719 -0.000695285 9.20292e-07 -0.000694669 1.4512 0.00972551 1.4447
0.2572 4.02051 -0.000669612 9.55636e-07 -0.000669077 1.4908 0.0112376 1.48451
0.259202 4.05181 -0.00065875 9.02165e-07 -0.000658254 1.52735 0.0111318 1.52123
0.261188 4.08285 -0.000646398 8.57597e-07 -0.000645941 1.54113 0.0111582 1.53519
0.263159 4.11366 -0.00063413 8.8589e-07 -0.000633712 1.55022 0.0121569 1.54448
0.265116 4.14425 -0.000623479 8.27533e-07 -0.000623096 1.57631 0.0119217 1.57079
0.267058 4.17461 -0.00061368 7.89169e-07 -0.000613328 1.61058 0.0119065 1.60527
0.268986 4.20475 -0.000602398 8.25931e-07 -0.00060207 1.61745 0.013119 1.61225
0.272802 4.2644 -0.000582023 7.88665e-07 -0.000581713 1.64867 0.0138026 1.64325
0.27469 4.29391 -0.000573035 7.88187e-07 -0.000572723 1.6773 0.0144283 1.6716
0.276565 4.32322 -0.000564656 7.38413e-07 -0.00056434 1.71294 0.0141124 1.70691
0.278427 4.35233 -0.000554369 7.29762e-07 -0.000554051 1.70633 0.0146654 1.69994
0.280277 4.38125 -0.000546331 7.2248e-07 -0.000546008 1.73886 0.0151493 1.73209
0.282115 4.40998 -0.000537987 7.16558e-07 -0.00053766 1.7603 0.0156992 1.75313
0.283941 4.43852 -0.000529102 6.70683e-07 -0.000528773 1.76387 0.0153895 1.75632
0.287558 4.49506 -0.000514677 6.55937e-07 -0.000514345 1.83255 0.0163153 1.8243
0.28935 4.52308 -0.000505606 6.74331e-07 -0.000505279 1.81199 0.0175974 1.80348
0.291131 4.55092 -0.00049956 6.32991e-07 -0.000499239 1.86431 0.0171296 1.85562
0.292901 4.57859 -0.000491449 6.59148e-07 -0.000491139 1.85541 0.0186555 1.84666
0.29466 4.60608 -0.0004833 6.16837e-07 -0.000483005 1.83717 0.0182684 1.82845
0.296408 4.63341 -0.000478477 6.19485e-07 -0.000478196 1.91215 0.0189404 1.90356
0.298147 4.66059 -0.000472097 5.87152e-07 -0.000471834 1.93647 0.0186562 1.9281
0.301594 4.71447 -0.000457085 5.84062e-07 -0.000456861 1.89087 0.0202547 1.88309
0.303303 4.74119 -0.000450588 5.69126e-07 -0.000450381 1.89043 0.0205396 1.88298
0.305002 4.76775 -0.000446081 5.62106e-07 -0.000445889 1.95715 0.0209296 1.94999
0.306692 4.79416 -0.000439303 5.62657e-07 -0.000439125 1.93398 0.0218405 1.92707
0.310043 4.84655 -0.00042887 5.30764e-07 -0.000428709 1.99045 0.0220907 1.98377
0.311706 4.87254 -0.000422902 5.17034e-07 -0.000422747 1.97895 0.0223686 1.97223
0.315004 4.9241 -0.000412234 5.21637e-07 -0.000412082 1.99021 0.0242562 1.98315
0.316641 4.94969 -0.000407871 5.14695e-07 -0.000407718 2.03269 0.0247033 2.02536
0.318269 4.97513 -0.000403199 5.13592e-07 -0.000403045 2.05577 0.0254853 2.04816
0.319889 5.00046 -0.000397646 4.96366e-07 -0.000397493 2.02839 0.0255818 2.0205
0.3215 5.02564 -0.000393087 4.8943e-07 -0.000392934 2.04492 0.0260737 2.03679
0.323104 5.05071 -0.000389536 4.86559e-07 -0.000389384 2.11131 0.0266596 2.10297
0.324699 5.07565 -0.000383929 4.86174e-07 -0.000383779 2.05844 0.0276937 2.04993
0.327867 5.12517 -0.000375604 4.71342e-07 -0.00037546 2.09647 0.0286019 2.08772
0.32944 5.14976 -0.000371028 4.82639e-07 -0.000370888 2.08128 0.0303026 2.07247
0.331005 5.17422 -0.000367027 4.54303e-07 -0.000366891 2.09548 0.029426 2.08667
0.332562 5.19856 -0.000362788 4.26484e-07 -0.000362657 2.08793 0.0285395 2.07916
0.334113 5.22281 -0.00035987 4.55775e-07 -0.000359743 2.16437 0.0312855 2.15566
0.335656 5.24693 -0.000355306 4.29681e-07 -0.000355184 2.12211 0.0305364 2.11346
0.337192 5.27094 -0.00035117 4.5208e-07 -0.000351053 2.10181 0.0331906 2.09323
0.341759 5.34233 -0.000340775 4.38077e-07 -0.000340667 2.15375 0.0350849 2.1451
0.343268 5.36591 -0.000337542 4.07139e-07 -0.000337435 2.17909 0.0335289 2.1703
0.34477 5.38939 -0.000333627 4.08003e-07 -0.000333521 2.14163 0.0346949 2.13258
0.346266 5.41278 -0.000330619 3.91757e-07 -0.00033051 2.17473 0.0342182 2.16525
