0.01929000000000000159	0.042583370514187833533	9.2841717835096205575e-06
0.027280200000000000976	0.089045182123346278136	2.1468076073556811764e-05
0.033411299999999997945	0.13982236131473571583	3.4583526139530757838e-05
0.03858000000000000318	0.19547811744441334625	5.2923151187084574703e-05
0.043133799999999999919	0.25639598065743102184	7.4724144826913806031e-05
0.047250699999999999645	0.32267862278723952185	0.00010190583432606726666
0.054560400000000001952	0.47130158014684181422	0.00016839146038014423897
0.057869999999999997831	0.55217703547899188443	0.00021674633957856156053
0.061000400000000003231	0.63548305566232843322	0.00025805399869776918156
0.063977699999999998459	0.71858355408939278419	0.0003097653733472833593
0.066822500000000006892	0.79989137441065427669	0.00037783510914094956381
0.069551100000000004586	0.8758059535056368361	0.00038477983875429206447
0.07217659999999999354	0.94342762569305960163	0.00042793828066961531057
0.077160000000000006359	1.0493981889964163479	0.0004862036013325503705
0.079534699999999999842	1.0838262679059751381	0.00050436134605914687869
0.081840599999999999459	1.1081407307725794631	0.00050702517941168335006
0.084083199999999996832	1.1234182658744666927	0.00050029899771810186146
0.086267499999999996962	1.1311353053326291818	0.00047003806894422726827
0.088397900000000001475	1.1327309881664799907	0.0004603871423846793323
0.090478100000000005743	1.1288020900078619135	0.00044011322792021916224
0.094501299999999996415	1.1130385859274072313	0.00041384191619650627326
0.096449999999999994071	1.1026704223258072535	0.00038366360466520540041
0.09836010000000000586	1.0920012295604777375	0.00036215330878833722596
0.10023400000000000365	1.081465802553178257	0.00034517687728360691444
0.10388000000000000012	1.0613545001557260772	0.00028284523164148663845
0.10565599999999999992	1.0514485763104108873	0.00029186719304424759563
0.10912099999999999578	1.0362408439364967361	0.00026716557758031986942
0.11081299999999999484	1.0290517817857709471	0.00024660408647035066783
0.11247899999999999565	1.0228748960434570492	0.00024270600224975279646
0.11412100000000000022	1.0169837307443050367	0.0002221204122030659726
0.11573999999999999566	1.0120223908886694097	0.00021144740865446855107
0.11733699999999999686	1.007882689404647536	0.00020211787307587172034
0.11891200000000000381	1.0042909104281885213	0.0001913135694855917974
0.12200099999999999834	0.99849795899792859188	0.00018903091071544784975
0.12351600000000000079	0.99656499255368580226	0.00018862807438272001905
0.12501399999999998625	0.9950034131465610443	0.00017855293769713039996
0.12649299999999999433	0.99316097922964596822	0.00017608547313020784207
0.12795500000000001317	0.99222454842566898403	0.0001682978025280969334
0.12940099999999998825	0.99107068355087934997	0.00017267411987670770236
0.13083100000000000285	0.99053817049171521969	0.00016430639937772091239
0.13364500000000001378	0.98933714421762930513	0.00015932578846054781113
0.13503000000000001113	0.9894787661844809401	0.00015006953564389676663
0.13640099999999999447	0.98954166096970586075	0.00015497979897962789572
0.13775799999999999157	0.989484252623719307	0.00014826066573840133013
0.13910200000000000342	0.98950985946865177567	0.00014739951096879189835
0.14043300000000000227	0.98986657191883054008	0.00013554231808093878298
0.14175199999999998912	0.99019970591582862074	0.00013889984495355197692
0.14435300000000000908	0.99071796234697451222	0.00013502177968738741432
0.14563599999999998769	0.99134539470819704743	0.00013084984452464698546
0.1469080000000000108	0.99173076627143663675	0.00012758756733954708319
0.14816899999999999515	0.99218511742166703993	0.00012995556806891470102
0.15065999999999998837	0.9930052793746745321	0.00011819950259517954293
0.15188999999999999724	0.99366160793198943235	0.00011737491840906009717
0.15432000000000001272	0.9944348805509924949	0.00011833279327629289842
0.15552099999999999258	0.9950508329437665056	0.00011615794155409927418
0.1567129999999999912	0.99543914651458031972	0.00011487642748062990353
0.15789500000000000757	0.99588336338986616081	0.00011041011753586533984
0.15906899999999998818	0.99615128011495512883	0.00011030984475676599372
0.16023499999999998855	0.99647628226913032012	0.00010832371728106811803
0.16139200000000000768	0.99677135740863387348	0.0001097247358345375569
0.16368099999999999317	0.99754807826856983777	0.00010576302146014221321
0.16481399999999998829	0.99767557217236335632	9.8707499256772359862e-05
0.16593900000000000317	0.99785004257664566829	0.00010564729398185485098
0.16705600000000001004	0.99826148309849549456	0.00010679563375346524414
0.16816600000000000992	0.99846512149686883486	9.8246088669121003478e-05
0.16926900000000000279	0.99865675340819248795	9.7797260512800322828e-05
0.17036499999999998867	0.99889290556305954105	9.9486429972962158244e-05
0.17253499999999999392	0.99931213293281950794	9.6005101392933355799e-05
0.17360999999999998655	0.99913693476554421569	9.3915165393198334564e-05
0.17467799999999999994	0.99949861581552801315	9.7652181469630818834e-05
0.17574000000000000732	0.99981221666711017626	8.9219489306881593726e-05
0.1767960000000000087	0.99980756336616949387	9.4715890896775097605e-05
0.17784500000000000308	0.99991902307682767326	9.2971904411750326395e-05
0.17888799999999999146	0.99983934993373790867	8.982323266979072541e-05
0.18095600000000000573	1.0000440859056065612	8.5132167928225345563e-05
0.18198200000000000487	1.0001435338879967052	8.720583213577890575e-05
0.183000999999999997	1.0001663616250568989	8.5833693139228335644e-05
0.18401500000000001189	1.0003344252658885605	8.5433017058498514395e-05
0.18602599999999999691	1.0003600343695933095	8.5736533052477829778e-05
0.1870239999999999958	1.0004588125048883285	8.5988354267249004093e-05
0.18900300000000000433	1.0005860871999399109	8.1128822049367744986e-05
0.18998499999999998722	1.00054108946467335	8.2533967819583214194e-05
0.19096099999999999186	1.0004687665242151251	8.4444761407025163919e-05
0.1919329999999999925	1.0003850506057747616	7.8727932635474118673e-05
0.19289999999999998814	1.0005076346262296028	7.6119627284481337394e-05
0.19386200000000000654	1.0004437122679008532	7.5256517633266923912e-05
0.19481999999999999318	1.0004262853771590525	7.752210587883431273e-05
0.19672000000000000597	1.0004440918616441802	7.8693128062376838171e-05
0.19766400000000000636	1.0005509263714047474	7.6806801975478562251e-05
0.19860300000000000176	1.0003791968407582669	7.2341726398884501461e-05
0.19953699999999999215	1.0004761204106757955	7.6637817575728219553e-05
0.2004680000000000073	1.0004097473138855445	7.1080998850945223519e-05
0.20139399999999998969	1.0002454975766672529	7.1090279762652089411e-05
0.20231499999999999484	1.0005168900701484347	7.2448593616578549001e-05
0.20505599999999998828	1.0002990759844949675	7.3573028852974529392e-05
0.20596100000000000518	1.000268009721916096	7.2415026653165870635e-05
0.20686199999999999033	1.0003025304204060664	7.0967210901291520879e-05
0.20776000000000000023	1.0003353983427538676	6.9355877648792537945e-05
0.20865300000000000513	1.0002719522158722842	7.0414800426783549629e-05
0.20954300000000000703	1.000317109364204704	7.1950157112150248877e-05
