0.0096450000000000007949	0.034400708860379471121	4.9314086830150663521e-05
0.013640100000000000488	0.073463377747596952938	0.00010332681799697673343
0.016705600000000001004	0.11749445619243846506	0.00018955748578277999724
0.01929000000000000159	0.16698906432879423445	0.00029370572698718535676
0.021566899999999999959	0.2224286938340020725	0.00040841016087936083279
0.023625299999999998385	0.28537761073934764244	0.00062767742575816590656
0.027280200000000000976	0.43146193304248398048	0.00099687838793604166727
0.028934999999999998915	0.51421156782819699149	0.0012833802332269945556
0.030500200000000001616	0.60023030705191737777	0.0016485501485852926528
0.031988900000000000667	0.69036139306970001339	0.0017803199336769389739
0.033411299999999997945	0.77658587277699930862	0.0022739689553731923591
0.034775599999999996792	0.86530793799291394475	0.0025621424112641458942
0.03608829999999999677	0.94068401392122891203	0.002747129495803581848
0.03858000000000000318	1.0626930338627682548	0.0033662181093477112556
0.039767400000000001359	1.0973532562661669765	0.0031769453631354193333
0.040920299999999999729	1.1320674872387157528	0.0031523396947943198299
0.042041599999999998416	1.1524441078883691514	0.0032425404079125365667
0.043133799999999999919	1.1641323094774858049	0.0034450047839129247992
0.044199000000000002175	1.1662203360894793924	0.0030223251961716459529
0.04523909999999999737	1.1581277679565900041	0.0028173835968052802353
0.047250699999999999645	1.1417123460758535902	0.0029223143861939393159
0.048224999999999997036	1.1320379173589529831	0.002513789543455331732
0.049180099999999997429	1.1172259647928555193	0.0024185055341775724483
0.050116899999999998949	1.1011743898575014899	0.0024805286088323075591
0.051939899999999997182	1.0758958556334183854	0.0023046504867445614245
0.052827899999999997083	1.0656960547767357905	0.0020914792567331358733
0.054560400000000001952	1.0455492177195351289	0.0020954562434506488443
0.055406299999999998607	1.0373019341608351596	0.0018057107089516372805
0.056239499999999997826	1.0290868292181554189	0.0016888134220894466739
0.057060600000000002985	1.0160593137199072089	0.0017352898403175638989
0.057869999999999997831	1.0117501679224398803	0.0014384899901125278165
0.058668299999999999617	1.0113566054058367172	0.0015153127124488444902
0.059455800000000003092	1.0018677700630660432	0.001585693260503671367
0.061000400000000003231	0.99483143415997110637	0.0015216344961687081234
0.061758199999999999208	0.9909267101769625441	0.0013735729825055866416
0.062506800000000001249	0.98957203562477125125	0.001304846052607660763
0.063246499999999997166	0.98794888168436245657	0.0013243360657765150534
0.063977699999999998459	0.98365863355472593632	0.0012669335459361541745
0.064700599999999997003	0.98314695640253479958	0.0012830040112425135628
0.065415600000000004299	0.98447715917892664184	0.0012861807199706185457
0.066822500000000006892	0.98189872985738868572	0.001239694068568160867
0.067515000000000005564	0.98144231063629805423	0.0010400358944491340345
0.068200499999999997236	0.98126776639262203172	0.0011567146733556738294
0.06887909999999999866	0.98401314144367268977	0.0010914872755368248362
0.069551100000000004586	0.98070061648932216336	0.0010244964653151485655
0.070216700000000006887	0.98259640034423634258	0.00095120218215988489117
0.070875999999999994561	0.98372710405454244498	0.0010422185785434370364
0.07217659999999999354	0.98405128360703386647	0.0010522885914679225641
0.072818199999999999594	0.98641268388612024509	0.0010867170161662120971
0.073454199999999997273	0.98689416459000789406	0.00094693059214696580824
0.074084700000000003328	0.98840622935616573308	0.00089784500576394702526
0.075329900000000005189	0.9883282519557105017	0.00094582497009201502158
0.075944800000000006746	0.98905975502157306156	0.00097707516505001097695
0.077160000000000006359	0.99116287018540882858	0.00090989018496525015181
0.07776049999999999629	0.99178898246703095509	0.00082693526761987851126
0.0783564000000000066	0.99175133564458817226	0.00089116413549429412348
0.078947699999999995657	0.9937478878110597158	0.00089460999251566013929
0.079534699999999999842	0.99275821908521000303	0.000908849982488871928
0.080117400000000005278	0.99348084008995896088	0.0007987207176822145975
0.080695900000000000962	0.99422969978819608627	0.00082889906458287704403
0.081840599999999999459	0.99459636361929537607	0.00085990476471886503982
0.082406900000000005146	0.99701719695763435514	0.00084738995528967054303
0.082969500000000001583	0.9970369838885538849	0.000882213138263705462
0.083528199999999996894	0.99820814274618419049	0.00083159885797036208963
0.084083199999999996832	0.99833723402791429979	0.00085973272473307161146
0.084634600000000004272	0.99734965450987578262	0.00080576298767680374757
0.085182400000000005336	0.99866831287506963033	0.00081785888444667537763
0.086267499999999996962	0.99815344887812784691	0.00072475344715236837342
0.086804999999999993276	0.99984231836017922745	0.00074252277412641413869
0.087339200000000005719	1.0004736346261329238	0.00075315001537996472802
0.087870199999999995533	0.99883714355871455748	0.00068398862891669374563
0.088397900000000001475	0.99943511675023855023	0.0007633451627090470995
0.088922500000000001541	1.0008473758707703283	0.00068713416988470780739
0.089444099999999998607	0.99874909673697109813	0.00072392427813287331655
0.090478100000000005743	1.0004667097078649984	0.00073750113575535649908
0.090990799999999996683	1.0006921281879568308	0.0007517444219179306511
0.091500499999999998502	1.0008611745053521691	0.00071502387178424382189
0.092007500000000005946	1.0002676026797772124	0.00072207640228024046712
0.093012999999999998457	1.0019380671446049824	0.00064688809235413017966
0.093511800000000006028	1.0005717872455068829	0.00065103158976382289637
0.094501299999999996415	1.0017806723490234599	0.000605537639987671324
0.094992300000000001736	1.0004789197660273192	0.00067191531412804262214
0.095480700000000001681	1.0012816089608227443	0.00061490540976329361757
0.095966599999999999127	1.0015377156422733407	0.00067272549143401077533
0.096449999999999994071	1.0022742999855820401	0.00063311703988602817221
0.096931100000000006145	1.0023129828972061617	0.00060803426585696808589
0.097409800000000004716	1.0016461412404864539	0.00056840456939766942357
0.09836010000000000586	1.0012066340171603684	0.000610464090623862813
0.098831900000000000306	1.0013397704387643206	0.00055313270324962456569
0.099301399999999998003	1.0008475140701407202	0.00054763893489553710191
0.099768700000000001826	1.0014171811513417065	0.00058893216183201384586
0.10023400000000000365	1.0009088947823745475	0.0005122597620683518255
0.10069699999999999485	1.0008901217123109539	0.00058161210928367543943
0.10115799999999999792	1.0013231010995815584	0.00055605031505940921612
0.10252799999999999414	1.0003750997760494368	0.00058547567419233879828
0.10298000000000000209	1.0006450895977190285	0.00053763399850534842554
0.10343099999999999516	1.0017736052461350127	0.00057378433942175657758
0.10388000000000000012	1.001407625766529419	0.00054179288239345900664
0.10432700000000000307	0.9996320221735173206	0.00055898373363801913405
0.10477200000000000402	1.0000631143024942826	0.0005426587524051158665
0.10565599999999999992	1.0011228118110906404	0.00051540420032598248737
0.10609499999999999487	1.0008270294333196926	0.00048883709459229395412
0.10653300000000000269	1.0010585149170376784	0.00045774854894946754311
0.10696799999999999364	1.0010394780682463356	0.00054685117682692885831
0.1078339999999999993	1.0006858739965558414	0.00048394213083303202604
0.10826500000000000012	1.000131305229362999	0.00053280613741661111103
0.10912099999999999578	1.0009765068036926561	0.00048148166511967376751
0.10954600000000000448	1.0002049650490547616	0.00050613659034066211737
0.10996999999999999831	1.0001059254569553136	0.0004540855375270822121
0.11039200000000000401	1.0003461023049642353	0.00048431850542843306795
0.11081299999999999484	1.0007192377211997503	0.00050207253665939010397
0.11123199999999999754	0.99920757797352421914	0.00049555123088238124673
0.11164899999999999824	1.0007854803102147478	0.00043909552220647735674
0.11247899999999999565	1.0002229763762717774	0.00045547820995361595377
0.11289200000000000623	1.0010596216734708452	0.00050166970074750228542
0.11330300000000000094	0.99964416423831459202	0.00049241877262117623917
0.11371299999999999464	1.0002570850976215677	0.0004653004255938852007
0.11412100000000000022	0.99991018679611376463	0.0004827390358294106603
0.1145280000000000048	0.99972375529393786575	0.00045159069473792059872
0.1149329999999999935	1.0013119693489800355	0.00045783847225395254022
0.11573999999999999566	1.0002987402553500385	0.00045789469079168083291
0.11614099999999999424	1.0000948525066171158	0.00038550062990472461818
0.1165410000000000057	1.0003494679883055962	0.0004678618249497572398
0.11693900000000000128	0.99952923235404789182	0.00039748279802385099412
0.11733699999999999686	0.99995281358147547479	0.00044938034308067593969
0.11773200000000000331	1.0003291749328939719	0.00043646493291324845723
0.11812699999999999589	0.99986745422582701259	0.00036670684579490932502
0.11891200000000000381	1.0008520441304138426	0.00037789811274947137298
0.11930200000000000526	1.0001301435919549565	0.0004028022642939767424
0.11969100000000000572	0.99964345920691488612	0.00043422171841773213926
0.12007900000000000518	1.0005638067315432149	0.0003828683638663973746
0.12085200000000000109	1.0003907388120691913	0.00040868169157618459714
0.12123599999999999655	0.99992184141311180046	0.00036912123015304704361
0.12200099999999999834	0.99990121580314350602	0.00036077329529498382852
0.12238100000000000367	1.0002740246815025049	0.00038442134627697391661
0.12276099999999999512	1.0001595037374408914	0.00040149282307748803984
0.12313899999999999846	1.0000345680656592684	0.00040038915086210922741
0.12351600000000000079	0.9999244222417772443	0.00037947896293019146331
0.12389200000000000212	0.99958488360134400974	0.00038797198307918671651
0.12426700000000000246	0.99990578304822974598	0.00037144092686533123834
0.12501399999999998625	1.0004641187232203858	0.00038661155228219651293
0.12538499999999999646	0.99972150017769234598	0.00037578237289297817484
0.12575500000000000567	0.99991887492154141182	0.00035339811422163545278
0.12612499999999998712	0.99997008075111248893	0.00034245223298289180231
0.12649299999999999433	0.9999975662798140652	0.00040727105010719195271
0.12686000000000000054	1.0001744269105583562	0.00036592762056455839384
0.12722600000000000575	1.0003910984472346168	0.0003547455728847194326
0.12795500000000001317	1.0002711919577578215	0.00034550942062670482804
0.12831799999999998763	1.0002761863091635952	0.00034550055824874160819
0.12867999999999998884	1.00056940872953537	0.0003407475564315997664
0.12904099999999998905	0.99995728125464100611	0.00034907734225048017273
0.12940099999999998825	1.0004419469781173913	0.00034014842117971634409
0.12975999999999998646	0.99966345283280044764	0.00036246647994986547691
0.13011800000000001143	0.99986986872929883852	0.00036034717597030160082
0.13083100000000000285	0.99995614151520950674	0.00035701833244161694861
0.13118599999999999706	0.99984212789019943912	0.00037336457879660515198
0.13153999999999999027	1.0001903346090252889	0.0003328283155274949388
0.13189300000000001023	1.0002223522508355558	0.00036106255780944820173
0.13259699999999999265	0.9993538001757487077	0.00032969666096824675134
0.13294700000000000961	1.0006832363888662485	0.000363588502955615987
0.13364500000000001378	0.99963086744947571294	0.00037001330776925190659
0.13399300000000000099	1.0001311456257946375	0.00035560618425394506514
0.1343389999999999862	0.99934682544489161771	0.00033802773605787303935
0.13468499999999999917	0.9998803010482985032	0.00029792030811547981972
0.13503000000000001113	0.99972620886238650062	0.00032843338421827285691
0.13537399999999999434	0.99962928016231056283	0.00032114841538462133479
0.1357170000000000043	1.0003017533635154557	0.00034280344665214547645
0.13640099999999999447	0.99989313816253422296	0.00030145883670934037549
0.13674200000000000244	0.99992424675479252283	0.00034179288402168316388
0.1370810000000000084	0.99986886983372591509	0.00033143382780879688913
0.13741999999999998661	1.0004790293681948832	0.00035043340367273703934
0.13775799999999999157	1.0006000653949129742	0.00029704351187976533576
0.13809499999999999553	1.0000538486570984542	0.00033050887139777823578
0.1384319999999999995	0.99998592000581465467	0.00030815908043848162876
0.13910200000000000342	1.0002334930080436504	0.0003366186000489259744
0.13943600000000000438	1.0004971902651131899	0.00033318748657828670253
0.13976900000000000435	0.99992105417020471503	0.00032136335824291132127
0.14010200000000000431	1.0004725278576473979	0.00030657765543192118255
0.14043300000000000227	0.99983925383891469885	0.00030060087455342966332
0.14076400000000000023	0.99987518774569705826	0.00031359873126714769452
0.1410939999999999972	0.99963212438348136857	0.00027669652421070088395
0.14175199999999998912	0.99996846733709898736	0.00030756010862079434173
0.14208000000000001184	1.0000863295486368543	0.0003069371559167842229
0.1424070000000000058	0.99971196411121909797	0.00033966580261378360268
0.14273299999999999876	0.99965334825130536256	0.00032528889717853591091
0.14338300000000001044	1.000306178551972458	0.00030024498976791310322
0.14370700000000000141	1.0003627118256082085	0.00029339577381963982726
0.14435300000000000908	1.0002415372613158162	0.00032580985200597519522
0.14467499999999999805	0.99968033466155248323	0.00030843075973968685178
0.14499600000000001376	0.9997168770489740508	0.00029842611000303171341
0.14531700000000000172	0.99983075319973502282	0.00029233120578007722656
0.14563599999999998769	1.0002175292036605825	0.00028282530056986679651
0.1459550000000000014	0.9994302988936833998	0.00026302705432241135688
0.14627399999999998736	1.0003417152985791816	0.00029202146583317455325
0.1469080000000000108	1.0006563161169712561	0.00031664564582553731027
0.14722499999999999476	0.99983041514830517382	0.00030175718681069635179
0.14754000000000000448	0.99964739178834172151	0.00026781946785322147423
0.14785499999999998644	1.0000648914572398684	0.00027019863126489249497
0.14816899999999999515	0.99991691131088034084	0.00027333113108188252004
0.14848300000000000387	1.0003680103862506723	0.00028343996979993981138
